100 99
55 93
55 29
93 60
29 56
29 41
29 33
41 24
41 58
60 74
33 89
58 49
89 68
56 96
29 3
33 23
3 50
33 27
56 42
23 62
33 2
49 84
74 71
96 82
56 36
84 90
36 4
68 64
50 87
4 40
24 1
90 94
40 38
58 61
62 70
58 88
94 9
58 57
4 98
96 78
64 31
98 53
53 10
42 11
36 39
9 73
4 69
49 20
89 35
94 76
90 92
35 48
23 66
40 91
42 30
68 65
48 45
91 17
82 63
64 85
62 0
74 8
49 79
65 5
42 97
36 25
20 15
1 67
29 43
23 77
38 83
4 19
4 80
60 44
94 28
39 72
31 59
80 86
91 26
96 95
25 7
55 18
95 14
89 99
93 81
38 51
79 13
30 37
4 54
73 22
57 16
36 52
9 32
7 21
87 47
98 46
13 34
46 6
14 75
68 12
