1000 999
830 831
831 379
830 957
830 27
27 707
27 844
831 909
844 561
561 236
831 738
707 612
830 633
612 835
561 182
830 623
379 606
909 595
830 660
595 978
561 122
606 60
612 135
27 114
909 319
830 444
236 899
319 286
561 145
909 905
60 762
831 786
606 703
27 782
905 477
444 798
286 919
762 311
844 179
786 588
236 294
905 267
179 671
782 148
60 189
294 408
671 47
60 33
145 644
738 659
408 900
671 790
835 160
311 582
561 98
707 778
122 622
919 3
135 266
612 823
561 765
606 233
33 885
919 890
33 255
762 464
3 90
311 558
311 253
798 667
294 944
3 448
148 910
707 776
890 666
286 506
379 79
919 975
633 744
633 17
606 954
286 914
189 348
27 851
145 410
114 268
148 380
182 673
823 454
623 791
914 0
454 941
919 131
606 119
660 754
957 35
380 456
606 569
569 133
791 872
0 430
148 971
944 333
851 422
660 126
148 873
131 260
253 766
148 858
410 297
558 951
673 394
17 567
975 427
919 95
561 854
255 116
899 834
830 836
3 926
778 841
738 281
707 979
778 249
90 16
408 397
135 514
444 814
116 401
595 716
135 880
909 547
379 150
79 526
841 803
35 897
3 704
286 505
558 202
558 783
145 652
464 404
333 555
281 997
268 346
179 7
404 599
379 801
744 330
114 860
782 415
255 875
765 695
595 988
561 732
622 20
814 143
971 161
623 254
3 808
860 523
831 5
20 839
401 132
379 172
253 50
143 305
547 223
33 536
979 643
477 812
814 987
782 213
253 474
422 308
236 530
189 191
599 46
885 312
249 877
408 540
595 933
582 574
899 674
905 522
148 927
213 300
267 204
233 457
133 206
766 534
547 989
260 100
333 229
933 175
988 665
666 697
633 176
841 186
536 691
744 800
522 995
311 117
90 192
213 483
873 470
660 324
20 378
266 646
599 713
523 383
383 577
851 392
927 282
90 504
643 895
294 750
47 55
622 275
732 593
623 87
98 84
801 570
483 543
547 636
457 775
905 178
457 857
762 863
143 723
776 241
505 94
644 820
783 966
172 621
695 293
346 162
191 432
786 970
873 689
255 220
176 969
713 443
534 709
899 654
713 789
470 472
695 402
744 377
979 321
691 712
131 418
599 864
293 280
623 699
444 259
823 578
0 63
280 428
267 177
671 756
457 705
35 212
457 774
117 453
808 832
16 118
145 385
778 6
890 56
346 226
709 551
905 97
483 545
330 288
875 843
379 159
60 205
839 343
783 274
159 167
776 878
266 283
851 465
253 353
899 195
555 342
646 303
695 480
835 584
202 755
143 977
914 352
404 358
220 250
415 649
385 258
951 763
790 946
789 310
98 998
644 214
944 568
132 870
428 641
823 89
621 507
875 591
839 61
162 541
297 537
47 323
191 891
927 419
558 826
919 230
87 481
324 347
305 634
27 512
16 657
6 772
472 617
941 276
577 818
541 10
275 361
830 467
404 369
836 201
588 459
118 494
305 153
162 498
494 357
195 805
582 390
841 240
667 168
153 500
836 368
114 67
946 486
369 306
205 216
877 70
274 452
216 413
432 603
16 913
253 846
114 981
927 947
206 372
713 326
114 781
814 829
159 768
699 110
448 923
789 468
705 495
913 976
319 354
430 974
178 696
622 31
846 371
504 701
404 888
885 493
161 154
394 318
223 883
10 231
114 867
689 48
910 965
160 367
371 630
300 463
774 181
900 533
204 794
830 42
965 579
774 120
649 896
944 313
522 210
214 942
591 307
744 711
98 550
181 247
255 248
288 559
216 528
419 527
212 605
966 618
20 566
354 336
851 381
308 437
229 745
154 915
547 476
367 594
716 9
308 604
584 492
94 356
657 746
118 438
977 585
117 81
313 442
896 950
67 524
342 124
114 615
319 66
957 501
534 479
867 650
143 994
422 134
132 682
643 741
368 309
79 166
606 881
297 44
567 75
371 473
933 51
6 668
604 49
844 542
448 991
798 252
883 144
342 458
204 887
87 907
231 239
711 807
195 886
603 906
483 180
463 658
696 684
506 648
674 208
276 185
55 963
878 538
801 930
634 638
486 209
260 811
567 466
419 939
550 156
768 278
618 996
507 903
897 76
250 429
353 341
336 405
579 953
31 194
897 735
951 608
566 262
46 679
905 956
397 760
268 753
604 727
118 921
786 15
67 218
383 911
154 227
119 374
524 959
814 447
830 360
318 12
353 720
213 28
886 243
841 685
486 409
668 462
148 478
906 922
971 384
374 920
443 986
465 121
873 184
950 222
336 628
354 115
561 918
699 731
786 399
685 488
673 376
558 496
48 751
162 793
153 113
545 850
648 365
950 539
266 1
493 742
933 961
209 511
7 562
294 525
268 937
986 925
213 112
514 228
870 440
5 400
731 690
923 924
195 710
192 936
415 102
511 889
608 934
899 912
704 645
454 232
456 72
854 743
233 215
562 123
376 601
330 882
17 335
399 901
650 552
189 865
94 263
283 904
353 43
159 331
230 795
473 576
409 992
536 932
472 291
454 445
481 508
323 52
118 315
134 810
885 433
468 82
756 188
882 564
507 631
897 894
668 726
978 815
762 316
422 163
959 69
570 101
229 767
189 497
87 698
82 2
191 36
49 436
324 375
254 242
498 600
905 395
457 421
891 983
807 853
567 244
390 662
6 681
66 724
330 491
696 531
834 329
112 450
214 779
823 279
87 30
448 389
933 509
701 855
961 884
946 366
977 868
172 980
223 535
9 733
410 661
365 487
666 99
925 824
10 289
756 955
760 298
570 382
835 271
699 290
603 106
756 349
20 553
202 529
243 856
904 412
382 737
112 403
326 626
60 14
963 700
682 945
578 840
535 65
375 136
559 898
335 680
622 502
213 694
783 406
241 960
765 827
854 821
307 22
615 265
731 637
100 736
28 874
487 88
495 469
818 515
695 373
615 592
263 490
645 780
568 816
552 773
541 675
403 686
254 664
888 554
522 64
873 958
458 938
404 142
244 837
561 544
779 80
920 519
249 859
731 59
608 489
405 572
966 516
850 139
986 257
132 813
867 598
600 693
167 777
541 869
843 96
591 573
182 196
805 702
493 420
135 446
720 423
698 434
839 619
321 54
805 207
511 78
599 431
81 714
812 301
136 632
489 140
890 351
883 173
356 596
668 8
474 393
526 109
572 687
204 784
963 299
428 157
369 13
665 53
823 234
84 396
763 620
234 441
163 613
594 571
329 85
612 197
366 718
599 828
534 513
440 546
903 198
617 706
504 788
509 57
500 105
925 586
641 345
924 273
979 928
798 107
888 639
383 590
51 848
710 635
974 332
643 627
767 819
590 38
965 292
360 314
502 771
273 304
81 224
649 785
267 68
462 411
525 565
585 425
495 949
195 797
494 747
946 825
326 350
347 451
488 25
257 581
162 40
228 147
229 616
283 587
458 866
349 238
536 71
489 32
177 58
975 11
750 199
494 752
865 809
814 225
542 871
944 984
984 435
236 245
167 449
866 656
681 439
735 203
566 663
738 344
679 4
212 520
630 852
772 757
663 799
660 583
227 962
303 264
191 729
863 62
333 295
172 125
307 407
673 758
378 130
582 256
101 917
419 575
869 876
213 817
431 764
32 842
846 748
909 769
68 796
209 677
404 74
713 108
453 269
40 334
615 471
489 916
568 708
961 460
374 127
241 174
478 847
97 556
101 964
664 284
751 370
440 518
765 734
274 327
80 833
343 485
90 355
228 272
421 137
490 200
348 237
809 993
917 211
336 37
923 770
192 688
630 580
189 92
241 111
114 19
851 609
684 164
276 287
874 972
400 597
644 129
174 761
84 730
691 338
894 607
756 532
353 187
395 672
891 398
956 23
288 721
224 24
579 18
25 171
814 802
13 985
914 999
623 83
837 503
172 640
571 929
570 879
697 388
645 363
584 787
634 86
89 624
207 549
503 893
812 339
858 861
691 169
354 277
753 320
604 270
789 931
628 251
18 73
969 948
3 717
598 804
662 93
565 862
198 285
262 141
865 557
861 602
875 475
169 414
215 34
818 359
857 683
818 193
816 325
896 728
666 340
409 246
85 386
620 676
887 838
287 152
871 647
73 892
195 322
433 155
374 165
937 982
592 517
96 364
600 362
923 849
782 614
785 629
245 391
185 670
975 653
213 221
218 990
481 190
897 719
445 499
216 103
612 39
301 845
354 146
597 417
154 651
345 387
226 302
298 91
63 943
913 822
464 563
956 806
616 317
292 625
943 21
60 692
695 655
754 739
504 722
401 45
287 940
207 973
353 219
167 669
465 521
311 484
925 29
5 128
61 759
304 642
469 952
932 589
542 235
979 749
356 151
227 26
603 424
639 461
295 510
986 170
61 548
121 935
891 41
488 610
124 967
10 77
857 968
946 158
666 792
938 740
434 328
277 296
377 482
93 725
732 138
756 416
263 715
105 902
720 149
126 183
856 426
715 217
521 455
688 611
494 337
279 678
255 104
367 261
472 908
763 560
