10000 9999
6806 9460
9460 1531
1531 9665
9460 9102
9102 3913
3913 2041
2041 9489
9102 4492
4492 311
2041 9160
1531 1514
2041 9621
4492 3520
2041 9689
1514 7620
3913 8043
1514 5083
6806 7312
2041 9030
4492 6064
9489 5451
9160 2060
9665 4996
9689 17
9489 1781
311 4420
5451 4636
5083 9056
6064 7399
6806 4787
4996 9158
8043 2619
3520 2212
2212 2632
9460 7647
4636 6275
2041 4472
7312 2469
5083 824
9160 9924
4636 4933
9102 8658
9056 9276
5451 3880
8043 4885
4636 1776
1776 1637
2469 2197
8043 7810
7312 9205
9160 8885
3880 983
2619 9303
2619 5444
4996 1374
1374 9768
9489 2366
9056 3282
5083 8744
5451 6548
6064 7745
2469 445
8744 1941
3282 4873
9102 4358
2619 8406
6548 1077
2041 6145
6548 770
4873 4825
8406 4695
6064 1677
4885 5736
8658 3974
2619 7504
3913 4886
4472 9165
4420 6977
1776 7660
4787 7005
9165 2755
2619 5866
9621 2183
7810 6032
4695 6351
5444 8852
7810 7428
5736 643
9102 6442
5866 474
7745 9557
1781 5351
3974 2280
6442 649
7647 5585
8406 6266
2755 6466
9621 4136
9557 3971
9158 3986
1677 2621
2041 3869
6145 6756
3974 9123
7428 4148
4787 7383
8043 1835
1776 8389
9768 2460
9460 2430
9165 4670
5444 5872
1835 7691
7660 6946
9557 5790
4472 4150
9621 6381
8658 1485
2280 8254
8406 5918
6756 939
7620 9677
3869 5031
5736 1306
6266 7652
6977 2046
474 1830
7504 5038
4886 8077
6756 1825
4886 2084
2632 7811
983 6609
4885 3665
7652 6746
1374 3754
2469 1767
8658 5608
9303 7932
7647 6041
5351 6778
5918 6477
5790 6048
4873 9242
9924 5631
17 8702
8043 7618
6266 8576
2046 4891
7652 9096
5918 4599
8885 9870
6477 3534
6756 4657
1514 7801
2183 3695
7932 4256
3913 5491
1485 7352
7691 254
6609 9484
3520 4831
7652 3816
4933 1047
5872 6131
5918 4615
3986 839
7810 2501
4933 9589
5038 9452
5038 6100
7660 6697
9484 4316
9303 9483
1825 8351
4885 2654
983 9381
1047 1787
5736 9920
4420 2108
7932 2047
4886 9976
3754 8174
1306 1712
8744 3535
8852 5299
8702 6774
9381 9347
9976 2509
9158 7828
5872 2762
5872 5056
983 6883
6977 3151
3534 5181
2183 4909
7399 1412
4885 1020
2755 3030
5444 3175
9621 3350
5608 2635
5451 9615
9677 2562
4825 2507
4909 3478
4599 934
3030 3786
6774 1470
311 990
1941 1034
7811 4574
6266 1504
2460 916
9276 2935
1712 1623
3986 1435
8389 2594
5181 2424
4492 3491
1941 9324
6477 6128
1830 9215
9768 5683
5038 2129
4825 3390
2935 8659
1781 4955
9030 423
4873 9610
3390 8072
5031 2200
8702 5776
1830 5868
9096 1115
649 5676
3695 2535
2594 2402
9381 1265
9205 6892
649 7367
1677 4394
2200 8562
4886 8806
8744 3325
2183 2130
4150 5539
3754 3048
5918 5744
6048 6483
5351 5913
1830 296
1825 6709
7811 9491
9160 5483
1435 7867
4831 7963
6483 6692
770 1573
7867 1574
1574 8346
9242 9357
983 3958
9276 8008
8043 9115
1712 3305
770 1668
6128 7988
7383 9277
6548 9506
5608 3224
4636 6641
3786 3726
4358 6691
7383 4842
8658 5711
6548 608
7745 2500
4316 9545
939 1519
7867 9917
8043 5008
3869 4943
3282 6535
2197 6505
4885 6272
7618 7102
5008 6564
1776 7961
1020 7594
983 2699
5683 8405
3958 2015
9924 1283
3478 5474
9621 1392
6883 9822
1787 4988
6709 4925
9030 1987
7810 9617
6756 6075
7102 6817
6756 5397
4599 5835
7745 8871
6548 5442
6032 7688
1573 5226
6892 9511
3880 8754
1781 1805
474 12
4955 8928
9276 7168
2047 9387
9677 7643
3816 1266
8072 2849
7102 7702
1115 9490
2197 6398
5299 3372
5736 1341
4933 2577
8659 3371
3695 9346
3390 2746
5474 3861
3491 2001
4670 2708
8871 3757
7828 6446
5299 1709
296 7876
7643 8294
7643 5306
4996 5364
2041 1708
8658 7711
9460 5579
1668 4103
3151 3595
939 1826
2935 315
2849 4411
12 6322
2594 2597
3535 2454
6064 8841
9357 5870
7618 3016
2430 216
4787 1420
4925 4392
6892 7535
3971 6820
5056 9374
9484 7568
2047 7331
9920 4706
1835 1664
5744 3284
4136 3388
5451 5527
7352 4794
1781 5834
9276 3277
6756 6236
2424 8769
9277 4534
9215 4210
8043 8231
4842 1560
2635 4522
1470 4058
9374 2423
6977 3777
4148 1202
2041 6565
6466 532
3175 5505
1374 2653
3816 8555
7594 4345
9511 5849
6351 4097
3534 6544
6351 8005
9056 4999
2001 324
2653 1928
2755 6284
2935 7715
6806 1424
5527 1586
4394 4967
3986 7612
8174 3640
2366 5573
2699 4174
4794 726
1374 3657
983 9300
3861 6752
8174 4404
6322 9500
3786 7673
7688 5957
7961 5728
8043 9951
8806 1576
6275 7244
2197 2063
8928 9968
7932 2264
6892 2571
6032 6816
1374 6734
4392 8631
4825 9594
9924 1570
5868 8129
983 157
2635 2289
916 9719
6398 3264
6734 4839
7367 4518
9621 9580
2041 7760
7715 5992
3305 9095
1424 4950
1835 3801
5038 1815
9102 7333
2621 9243
4492 4769
4574 3054
6774 4313
1519 1133
1987 2428
5397 6801
1392 5419
9822 686
5306 6643
1115 7584
3535 4744
3657 444
1514 708
4794 8229
7745 4578
5676 4278
2746 207
8631 8774
6697 5764
4873 9667
4950 2679
2428 1329
8774 302
4136 8878
2755 5036
5913 9554
5870 7033
1637 339
3151 7316
4599 5923
7652 7386
9160 5337
2197 6196
7688 845
3282 8480
7399 8339
6892 9698
5226 3739
9621 4823
1283 4567
845 6559
1329 8503
1265 667
9610 7948
7688 9798
8871 3121
7760 5358
9968 6090
6381 7188
4695 516
4769 402
4988 8050
3282 8412
1047 1682
6064 1822
1283 3848
8008 4388
8562 7847
324 1441
2129 7482
4420 3233
7932 8963
2746 6789
7612 7564
7386 5137
7867 8913
1815 710
4472 7204
6565 5746
1519 8745
1034 8475
6505 9078
9205 6754
9484 5199
4955 4259
4103 7561
916 959
4472 5076
9123 2548
9452 8316
5744 4003
1787 3627
7691 214
8878 431
4873 6828
9689 3503
2402 9738
7535 5161
1266 4669
1677 5272
6075 3214
2619 8593
4823 2974
7847 6732
7367 1966
9357 4816
6565 8122
4925 9603
216 6228
8562 4713
5161 5408
9506 3634
7383 7363
324 9331
9242 7824
2423 8260
7652 8799
2577 2116
9665 623
7594 5367
4657 8494
1682 7993
8339 7096
9205 6606
5835 5507
1392 8636
5573 4074
8963 5891
3634 4042
2063 8181
4394 8892
9484 3295
839 906
1787 7068
1020 8869
8229 2077
9276 9201
8963 7878
2430 7767
302 9038
1519 1355
1941 1373
8852 6325
916 950
5872 7143
9123 6634
157 8748
6228 5421
8389 543
1708 1068
5181 6192
643 8798
5358 7903
9303 8326
4074 1688
2699 9306
8878 9838
7963 4340
2762 9005
6634 4539
7878 6190
8389 3983
6100 4764
1677 9220
8928 93
9346 823
6756 4528
157 7501
1576 2786
6228 9922
4925 4820
7867 9948
1826 9464
3388 1193
3284 7924
4996 6729
2509 5726
5868 1778
5585 3270
6275 7071
839 7517
7810 2541
8593 7199
3016 9204
9922 685
214 4370
2454 6473
1306 5405
6544 6013
2509 6575
3726 1005
2619 1038
708 2024
532 8414
3016 2613
6697 8699
8555 8490
2046 134
5866 8300
2424 9288
4706 152
2699 2139
7561 7235
934 121
6090 6177
5137 6886
6806 6200
8745 9016
5299 457
8744 7952
3305 753
7399 1467
1504 7497
7618 800
2129 8321
1966 9086
4074 4380
4392 5865
2077 9981
2632 5389
1005 1423
5451 2868
7673 4191
3048 151
7333 1386
3665 7953
8798 4166
5405 5664
2046 5766
2535 9370
1574 3684
2548 1106
157 7421
8841 7871
5031 1875
6535 4167
6177 645
7333 3072
1047 6953
2762 5640
906 5890
9331 3732
6709 4247
2130 3136
7244 7037
839 359
1928 1204
1441 7551
2116 8643
1875 8681
9204 1384
7517 61
6398 7632
2786 2390
3503 7766
315 2133
845 1400
1423 6607
2935 6036
5776 3807
5397 6007
7561 8986
5585 8985
5419 5881
6692 7425
1987 9052
4191 3425
8769 7202
7612 2779
2535 6067
4578 8930
4380 5838
7993 9606
8699 3090
9621 4480
3640 9326
216 4013
9610 7259
12 4308
9511 4494
1574 7350
6275 4012
5474 3108
1586 5402
134 4488
2130 9740
7711 7093
5866 7140
8636 478
6322 8363
3491 5945
3880 8031
5838 6931
8122 5080
7620 5603
3090 1804
2635 3391
6477 5983
7810 2747
3777 6465
7673 208
6048 7780
8799 3871
5272 9556
457 7393
9374 6518
6505 2382
6284 4504
5676 6638
9374 5243
8754 5260
6266 2565
845 2089
4839 1710
254 8668
296 4473
770 7555
8490 221
9288 3195
1987 6124
6820 3184
1467 5698
7963 4272
1106 7701
6100 8882
7096 309
3595 5029
1573 2113
7932 7369
3016 3730
2786 4740
9374 3017
1830 2792
4999 6863
6692 992
4097 6860
7482 1512
5866 5521
5367 7844
7766 1638
643 733
6946 8959
8294 8920
2041 1750
4825 9527
3861 4737
1341 8980
5358 2364
121 3818
4191 131
3030 6163
9165 7409
1485 3894
8129 6445
4820 9424
4657 8002
7425 3389
8321 3144
8129 9771
2047 3518
3389 680
3818 5859
2679 7128
3121 9878
5711 4913
3786 3080
4480 4018
3730 3148
6709 2611
7425 5534
649 4353
5337 9468
2015 2351
2541 6464
207 886
6544 3843
3325 4430
710 2455
3072 6387
5038 3866
4615 4408
4885 418
5199 2483
4599 5844
7647 4595
131 1548
3391 4558
9665 303
9005 8574
4706 4560
4794 6427
1420 3088
2060 8477
9976 9680
6325 68
6163 8115
7482 9572
1020 2049
221 4790
9205 8262
121 1076
6466 9183
8754 1529
4259 9919
7844 2855
7824 6516
2430 5812
68 3149
7386 2716
6236 2475
5056 6834
3088 9674
3151 2625
2364 3803
6048 3642
2200 2179
6036 7522
3518 5195
7801 8343
4740 6290
5056 8953
8326 8846
7702 9145
934 2145
5364 2923
5776 7216
6643 6278
4842 328
6756 4490
5812 5158
1805 4469
3861 4458
6752 5964
7140 6649
9771 4330
8846 4429
9554 1182
4574 3332
4558 5461
1514 7846
6128 6701
1548 1538
3818 2163
1373 9437
3388 5013
5444 1333
9483 9216
8681 8068
8953 2121
9123 715
1392 4675
9030 1180
9468 1863
8181 4491
2571 6193
6048 8481
7612 7921
4999 8255
3080 866
6193 6672
2423 4269
3224 8295
3861 5843
2116 8248
9016 489
9920 1828
4885 8911
8562 8249
6806 6034
532 8104
8229 9790
6817 9886
2594 8392
9243 1241
7932 6448
5766 4894
6034 6383
5664 7589
7202 7050
4943 1044
8562 5559
5534 7539
9277 2520
6732 978
5918 3761
7589 730
207 8746
4353 3674
4278 3651
6200 8070
9123 9828
5402 1670
1470 7636
9580 6524
7050 6443
2849 8550
1750 9963
2139 2066
4909 506
1941 4071
9594 7311
6351 1272
9589 6924
3866 2488
2015 42
207 700
2594 2822
9665 6935
4358 7
4909 2135
9347 7685
6778 7513
649 5699
6236 6011
3390 2074
9370 6300
9460 4484
2179 9825
6565 1592
359 7161
6477 6877
9086 2457
7589 7884
2212 2856
6729 6372
1038 6244
4458 9571
1576 2993
8249 2150
8985 8296
6801 8431
3861 2534
8930 9249
9917 7146
457 6684
7647 8807
3757 8827
157 7336
6445 6714
7140 7373
6565 9439
8254 3632
3848 299
2130 7304
4484 7279
4256 206
8072 1187
9381 3970
2179 2775
9243 511
8181 5525
6464 1181
5698 7424
2130 1444
3640 4896
3372 3788
2786 2842
4012 4850
4825 4919
4259 3910
4256 1249
7871 7450
9621 8153
2183 3719
4272 92
8406 6033
3871 9701
7096 8452
9464 4085
3121 3727
3350 6700
2089 9114
8871 8510
7386 7070
7988 3812
9303 6487
9948 8592
8031 8197
516 6964
4411 1602
9589 3436
6505 3077
8405 6996
2993 1607
4458 7154
8503 9246
8008 6694
2063 5183
8294 7113
5664 6991
7033 4140
4308 9070
9205 1583
9545 9575
8562 0
3195 2848
730 3692
2457 4321
2856 8454
9347 4946
6032 1257
983 7521
6946 2449
9374 9643
2535 9785
4909 1366
5029 7362
6606 9097
1592 5700
6638 8624
9506 6210
9331 7827
4269 4112
9924 5502
9249 4920
6816 8701
1076 8210
6090 1427
7846 6652
3983 7044
6200 5387
4933 176
3277 9190
5835 5162
6701 7466
5585 256
3017 563
9976 9379
8986 4563
950 7057
3121 777
7688 7984
8748 2266
7504 7835
7331 462
4411 4897
207 6660
6464 6761
9511 6513
3503 7078
5843 9222
6860 5170
5158 1362
1133 4007
2848 9308
4504 7447
9387 233
6466 248
9680 6983
4345 2660
8321 2010
9606 1622
3983 5734
9920 9550
93 2634
8769 5648
3233 1525
7501 8556
4534 4571
5881 9841
4943 4723
4272 3418
68 7483
7336 3513
3971 5586
1576 6308
303 5580
176 2069
8659 3911
5243 6017
0 4453
9204 9882
5700 4947
5683 6997
2135 3606
6660 5647
7424 2796
6505 9100
4013 951
7044 9098
1607 5926
207 3480
906 4691
8878 1186
2679 5713
1822 1189
2562 5999
7620 6525
8985 4375
2066 1349
4947 9285
315 9887
302 1914
8562 5438
4480 3265
9096 1916
5199 8455
9740 8147
254 1971
176 7687
726 4419
5419 6908
9115 1601
7311 9900
680 7300
9452 9174
8339 4640
9527 3993
6863 5738
2133 4846
9968 3773
8475 5132
7612 4948
6607 1624
4595 2396
3054 5958
6886 6680
3535 1460
733 4645
1189 8677
3634 7478
4567 4149
7304 698
6996 6140
8871 9456
2145 441
4909 8376
1349 7723
6817 8627
4392 911
4429 2648
3692 7118
5461 4961
4713 3806
9005 6103
916 8001
3806 3153
6128 8306
9948 9336
4388 4911
1423 1066
5923 4195
2046 7657
6778 9319
9097 9003
9424 1277
2139 5615
4645 1080
8452 923
4657 3298
6680 1632
9917 681
2475 7112
6935 451
9589 605
7618 1169
2150 9521
9490 8767
5964 6809
6983 7542
3634 5741
7383 3113
3974 955
1392 1871
3727 5690
7811 9208
5389 7764
2069 604
7715 8090
5728 8628
9439 6627
3739 4152
8452 7525
2454 3162
845 8891
9550 7492
698 6911
9572 3492
2063 9582
5891 3504
3958 1840
9096 8895
4007 9040
1778 2009
2855 1605
1709 6743
9285 8109
5766 7732
5838 1899
6983 6949
623 2697
8147 1457
1531 6260
6697 4155
9882 5644
6448 2466
7612 3324
9521 2344
667 2793
6806 6537
152 106
6761 7648
6694 6896
7304 8087
4429 752
9963 8353
3866 4194
9615 9060
7612 2103
3518 1780
7333 9565
1916 5560
2466 8131
445 4951
92 6285
2212 1874
7393 3123
7801 3293
4150 4592
4491 8119
1668 8140
9870 2173
2139 6744
4472 5005
5866 5513
6322 2331
8593 2384
516 8525
7466 6436
6734 8522
4744 586
4599 9938
3436 4883
6634 8188
3153 8160
8188 4835
8001 2575
1068 1027
9456 2419
7146 8925
5260 7273
6140 9470
3265 7446
1670 6481
5843 1692
5992 1069
886 2039
1688 272
9615 4292
8477 2136
5337 2299
3974 8157
5958 3069
8005 5969
5438 5487
8072 2759
1776 2247
6660 3701
5031 5682
7409 8100
6544 5948
4388 5334
3627 3026
1265 9884
9190 2641
9545 2356
8153 5363
770 282
5243 9973
7878 7366
1386 3334
5461 9681
4539 644
6436 7644
7932 4795
1187 5801
6756 2034
4522 7560
1514 397
9060 1704
7466 3346
7154 3667
2520 5792
1180 6510
7984 4162
3807 9907
5698 601
1182 8227
5387 7351
6210 3306
445 5100
4873 9899
4411 1368
5890 33
1181 8675
9100 6252
9738 9137
3153 4125
7867 7625
9677 922
4167 2533
4394 3921
4839 7969
5983 9847
7824 5857
6252 3804
9920 8863
248 450
1583 9764
6627 5441
6075 9546
1677 5898
1005 6919
9575 5160
9968 2863
9215 3171
8227 1492
9490 705
8147 6146
4873 6023
6709 4438
6834 581
3786 1960
8343 1751
7383 5883
7691 7946
5272 607
4007 6432
7732 4910
6048 5830
3108 1216
6691 4413
2010 1040
8550 2000
9500 3553
9190 9356
8255 5286
9205 8297
2855 8208
9370 7655
9907 2728
563 7185
2010 3752
3048 2265
5573 2539
5408 5270
8799 9428
753 6846
6643 3409
2103 6610
6200 7566
1899 6005
7535 4405
6754 3868
2089 69
3843 9020
8115 8246
7140 3441
5585 9265
5676 8831
2728 972
6729 9029
2535 9956
3149 4376
8294 5309
7216 5166
4125 6151
5286 7769
157 3721
8477 9845
6516 7957
643 995
8122 9449
2632 1510
5358 8851
3535 7081
6997 9626
5272 2561
5505 1399
6075 8791
6033 2415
5100 7862
5487 8320
7424 3584
4488 4583
4392 4927
8431 2580
6005 1160
7652 9537
5615 2903
5741 7144
3806 2543
5957 6094
2653 4186
1815 2880
6445 6914
4259 5668
4003 6083
5741 6822
9370 2117
8851 5950
9738 7413
1492 8720
9324 854
686 2645
4480 2149
6272 380
7924 5024
4539 4163
17 4958
511 7779
5038 8533
4528 4604
5866 7422
7924 458
1115 7950
6809 9149
1047 1454
303 1016
710 3750
7636 9745
5668 8790
6145 39
8414 3477
7711 6331
4472 3330
5999 8596
3632 4588
3503 3297
9303 2737
1040 3471
1928 548
5080 6579
9973 7268
303 5122
7422 3061
2533 3881
8031 721
9439 5670
2046 3576
8576 9227
1602 3487
7620 1783
6007 3481
6548 849
207 5984
4097 7271
7367 1421
7154 5616
5483 7086
9095 965
6145 9823
4186 7775
5983 9592
1783 3440
6946 3033
2475 6677
5272 7934
7144 7741
7362 1094
4873 757
8953 4290
2625 65
8510 6759
7655 8042
8197 7420
3061 8962
9246 861
1623 6421
2594 9074
3284 8784
2775 8943
9265 426
7647 2885
4578 1580
1341 6478
5801 9168
1399 1280
1899 2436
272 2605
9575 7299
4604 7330
5161 4974
1068 7266
5005 9801
5608 1912
8452 2736
1005 8896
3471 7928
2594 4892
1386 9228
2577 4631
9183 2894
7143 7284
2822 3292
4885 4804
2200 2027
6806 322
5744 2269
3801 808
9190 3908
7399 9543
6505 7441
9973 9271
1787 8526
605 9408
1373 1478
2762 4105
6754 2022
733 7743
3910 8313
7715 321
6266 4584
4313 8404
2697 8372
3017 739
2483 1358
8525 336
7560 6060
5507 5020
9324 5205
6732 9897
6701 8859
2331 9453
1040 6592
8631 632
7259 791
5835 1082
2000 8605
7369 9366
4947 2297
7478 8897
1341 1631
1708 81
9464 9890
2289 7656
2699 2494
8885 8151
9886 446
6828 4119
752 8881
5397 8240
4920 8877
462 2537
8087 1096
3264 8656
4804 9709
1548 6030
7284 6596
9606 3137
4955 8354
1787 678
157 287
4534 509
7953 9761
6481 3635
1583 507
623 1689
2457 8663
4873 9700
9324 9891
3754 4760
5957 4423
5603 4761
6638 2420
5286 237
5969 2940
2597 668
9764 1503
5738 4006
1787 4362
5008 9583
3993 2260
4013 4183
2483 2915
7352 3013
2149 3955
7244 3415
6610 9157
8963 4126
152 3877
4480 9508
1333 8336
8392 2392
2625 4915
1987 101
6806 2470
678 1812
9785 7776
7924 1532
8911 9105
6023 473
1202 4188
509 9344
7810 5576
3534 5330
5698 4030
9174 8269
9165 9497
4583 8591
1362 4682
3877 7432
121 5889
1187 242
4112 699
581 9612
7584 1575
1421 6049
2356 9682
5615 4597
9886 9345
9973 51
5358 5313
5534 3058
7266 3049
3595 9079
8953 6237
1778 7713
5038 8200
1780 4470
9331 8506
726 419
6252 1336
3153 7055
3284 4529
5199 3762
1368 8073
5699 6584
1040 2304
5608 3817
7643 8552
9924 8782
715 5900
9537 145
7336 5072
7128 1127
8754 6645
6931 2870
9114 9856
9665 3071
3088 740
6524 2360
1525 874
4380 8098
426 6670
4599 4297
51 8237
6559 7624
9822 9304
4539 8992
5668 7160
8297 1829
1504 1521
9306 5210
7878 5804
7446 2506
445 1379
8131 848
8296 9373
5579 7686
7336 789
2344 2950
7161 4110
4604 6394
6809 8794
462 5023
207 6240
5835 9152
698 5128
2136 650
4950 771
8001 1480
9079 9218
8295 2720
2870 1250
3088 4978
3750 2528
9060 1599
4186 846
1538 1062
2543 7274
2625 2487
9963 4160
7330 7668
2535 6157
5670 2798
6609 6019
698 4088
1875 7065
8227 648
216 6470
6163 5123
5868 4293
7745 7515
1599 350
3739 427
1899 9733
3436 1663
1829 5126
8891 4224
3520 4468
6919 4556
7140 1881
3777 175
2133 6012
5700 2481
1682 1473
8643 178
1096 6412
8306 5621
3651 9586
5964 7435
3282 1019
2047 2137
4539 7429
4946 4731
4504 9668
1336 9253
4760 2142
7539 4660
8913 6926
6860 628
6607 5370
7652 7285
69 6832
9074 9255
5621 999
8897 307
6470 3810
2269 8036
4886 414
5664 3464
6090 2332
9891 6685
3292 2518
3730 2554
1670 6114
7844 7918
5891 1084
5913 6401
753 8949
1169 4520
1399 6376
2798 1952
4846 6976
5699 3227
7620 837
4018 3837
5647 2101
6128 4338
4567 6710
1504 8829
8321 9383
2654 8810
7399 3688
5984 9564
9790 6787
4316 3296
4842 4661
7766 6055
4571 5280
3534 8309
3214 4092
9956 3063
2454 297
2641 3133
6677 349
5640 185
2299 3915
4558 872
8119 898
1682 6555
6013 9053
1692 7269
1916 1765
7185 4365
9745 9795
3726 1011
1040 7605
4574 2249
3804 9444
7948 9713
3054 8235
6228 7423
7363 9952
69 8105
9594 360
4313 1150
8008 2837
1583 8907
3750 6441
2089 4267
3346 7634
478 3975
5441 9881
9005 1995
7351 8579
3606 1814
3910 3321
3503 4775
7441 9064
1400 6771
8316 144
6565 3188
1682 6784
5451 6955
4392 9923
444 4456
740 6755
9550 1029
3871 6839
350 2243
9222 4173
8140 4250
2390 719
3088 8978
9881 3220
9079 4454
1027 7817
9097 1678
360 3376
3282 4903
1379 7341
4660 2012
2940 6521
7363 5094
6487 358
7441 1303
5881 2126
5161 8788
5513 8638
9408 7949
9681 1263
4567 3517
7057 6939
8240 4537
6734 8549
1077 4735
5918 766
8300 6270
2822 9707
9897 5598
7810 2311
9227 6654
8978 7142
9709 2826
8454 6612
9428 2359
6645 4055
1916 3823
6537 7488
4494 6950
7386 9888
8863 4005
5513 9522
9060 6359
8555 2112
2304 5538
8087 2572
3803 7650
8859 2666
511 6793
1670 792
845 8694
4247 2284
5923 1484
8852 3798
4839 7126
8122 3439
8431 881
3151 2547
5598 6538
7566 2227
3388 2413
9713 4514
1084 3731
358 2138
6584 7684
6652 5392
2619 6073
9381 8752
7903 1089
7928 9553
1016 7733
2455 7579
8392 1752
667 8123
8784 395
9074 3567
242 2383
2024 637
7685 4466
7953 9254
7652 456
1812 2628
5683 7136
3334 8756
7050 890
9331 6414
7081 977
3606 9530
6743 7774
2280 8403
681 6347
9095 9829
2084 6930
6192 8402
6746 9980
4055 5652
6427 5385
3492 7954
1216 7287
2129 963
9345 8451
1467 8097
7216 4843
8791 1733
2247 9942
441 3830
1077 1742
2392 8903
4583 9263
8754 3104
8454 8569
6163 7908
8490 183
8591 9268
5631 1090
1781 7223
6487 5516
2436 3352
7501 9315
6761 9494
6652 60
8920 1541
6083 7751
6822 3838
7273 5694
9891 519
7579 8492
3477 2592
5958 1058
5870 1619
8316 1237
2133 5563
4885 7861
2455 8439
1750 6000
2798 9076
2868 9359
8784 2028
42 8355
7620 4016
8123 3129
2430 9289
9553 6725
6746 811
6538 9129
9456 3560
9768 4508
2518 5172
6421 9993
6746 7404
6032 1028
1519 2006
5442 1636
8248 9526
17 654
9347 4704
3877 9062
4224 3876
6516 9382
2509 4619
4645 1151
9379 2378
2149 6020
7350 3967
4405 4641
4456 8816
8562 8721
8752 4424
7779 1175
4186 7799
7279 7178
4760 8834
7199 6352
8631 896
8115 5658
4456 2158
9208 9127
7482 536
8574 367
6432 7997
6347 6898
7884 8092
963 5006
6863 9473
7884 3965
3227 2125
473 4304
8794 3147
5299 1587
5367 5714
6919 4526
5442 9420
3471 759
8699 655
3692 2744
8297 8111
9617 1472
5123 6965
2197 3395
3692 7159
8869 8872
8745 6439
6145 4616
5644 9671
872 3691
4996 5601
1623 5756
5579 7784
3332 5976
5736 675
9060 5765
4484 2896
5370 6763
8963 6144
2046 8332
8699 937
7128 810
3965 9305
4292 6865
7428 7945
950 609
7065 4386
1822 9093
6555 1489
708 4557
708 4309
6763 4014
2383 8057
4293 8731
1011 4876
1682 2854
2518 3047
5804 9602
2415 6247
8911 3018
8452 5368
7409 7310
8255 1969
328 9889
3264 1736
1237 3027
1366 5478
8389 3245
6266 5297
8439 66
5923 9011
6478 1658
4309 6454
3277 1589
6412 8842
3965 6111
9888 7528
1521 9302
7551 8411
7997 5848
757 5075
3332 7315
8624 5824
4816 812
2533 3381
4469 5295
1460 4305
1966 8966
8235 6862
2870 3446
686 3036
881 3009
4873 5501
7144 2319
6524 1626
4850 4817
1266 8242
7644 4902
8550 8479
7584 6837
457 5921
6953 6556
7769 1691
3788 2637
4775 2743
4974 4550
733 732
6953 2292
3911 6184
4103 218
5363 5596
4267 1000
4731 8193
5160 3947
9764 1284
3325 7019
6272 1119
3061 8359
2837 1323
6513 8009
4514 3831
9545 1611
4675 7682
8798 9018
7466 8952
5898 8029
4920 8890
8863 4887
4775 8051
4550 9566
5890 8712
3306 6799
61 1555
951 6598
3295 8437
2611 2468
6442 1361
4645 4668
311 5223
1874 2361
8262 6367
4071 5285
6094 7200
8859 2723
3376 6985
3332 8828
7142 7635
3121 6219
7033 2969
4790 1083
8756 6065
5992 8908
7682 3909
2653 4048
7861 1895
753 1041
1626 9974
5923 9313
1767 6529
2849 9225
6466 9857
3869 611
6111 6259
6654 8394
5162 3199
1202 4788
1521 9479
7441 4966
1058 9407
2679 8067
4645 4992
2720 8420
7769 2118
478 5003
861 8502
2142 5098
5711 4320
8978 5252
6596 4359
839 9332
6034 9932
39 6653
1969 3081
3265 1705
2423 2081
719 7756
740 4718
423 1438
9086 9447
9617 706
1182 8830
9382 1720
7352 7058
4488 7622
3389 6294
7824 8690
8533 3443
6445 6369
9537 6384
881 8781
2331 3310
9263 2790
8774 6563
2136 9167
4661 9501
5984 3939
473 8824
3657 3131
9841 3434
1670 9819
7488 1790
6638 5179
7961 8461
5849 3772
4631 9087
2360 5819
6383 4609
6210 912
1420 3827
69 5167
1182 2809
3080 9287
4074 2231
2863 1087
2548 2140
9456 9679
3553 3172
9615 7372
5502 7951
8712 5827
6151 8850
777 5303
7932 9338
9038 2827
6387 6440
2117 5145
8104 5124
4760 4306
8863 550
3017 2166
1995 1535
157 8183
3381 6823
6387 8689
649 8727
359 9547
8784 3416
2212 469
7945 6630
8140 334
5392 9797
7921 7524
9553 8977
7635 8434
5487 7509
1840 4205
9798 2921
380 9648
4528 5629
4055 8079
6746 227
5337 1926
6641 1139
2793 3542
8051 2355
7878 5287
66 2774
9973 805
8871 5856
8748 3059
4112 6479
812 4728
7 1158
8834 5062
9938 344
8242 5558
6524 8324
6284 1621
5969 6039
6308 4939
4873 6332
489 150
972 2176
5167 5802
7620 798
9102 1681
6372 4391
7142 1596
7835 2334
5205 4231
5507 4807
6440 4266
678 8970
5615 2760
2790 1651
5883 615
4537 1449
506 1649
3033 3099
8631 161
7949 5654
8339 2143
2231 3479
8242 6502
2063 2785
9096 6616
9447 2867
426 4976
3491 8096
6184 5349
5615 3628
3542 6895
911 7805
7805 6306
6384 7220
581 1491
92 7507
3967 8493
2166 8211
8297 1515
4488 952
1912 2596
3640 9375
563 3524
3199 3152
8851 5468
9313 7193
675 622
3036 8652
4825 7917
1272 387
9460 962
1349 7030
1400 4741
2466 3878
4592 8256
9102 8585
3535 6469
7521 2883
9129 8024
3727 5435
6516 994
740 5305
8556 5090
3868 1818
6007 5614
4529 3160
4691 9057
6284 3633
1084 1144
9680 975
4925 241
9580 2167
1637 7371
6976 3430
9917 7498
9437 4271
2360 7305
2543 4486
4088 6562
1895 7765
5616 9445
2149 9711
1181 6545
3993 9533
3245 7493
9453 9894
3480 6845
9484 6915
6832 2114
4267 8935
3171 3613
61 3458
5856 865
9508 1410
8008 5466
881 6370
3492 9191
8798 9185
4340 1212
6331 3602
8208 7671
5309 364
3088 7770
3030 1013
237 2482
4597 5841
8079 3134
2637 8843
4961 1147
4269 3886
9056 4435
9220 9909
766 2745
5538 3768
6192 5906
7268 167
6440 1154
1427 9234
8966 6858
9553 9134
2848 7590
1094 2341
7259 5191
1080 8902
2176 4324
8151 556
5031 5523
4359 7091
6535 9103
4876 1302
473 942
3071 1079
6448 1566
6564 5567
9643 4621
6144 5131
1349 6475
3910 132
344 1411
7766 8060
4136 4253
1828 5110
8119 4993
2475 6979
3628 1107
2049 3359
6672 9384
3381 1655
9798 5818
881 4881
1212 6920
6709 4081
6892 9118
8372 3032
3754 1757
601 3563
1076 969
4186 2321
4514 1977
5756 4159
17 8103
2547 3169
5843 8655
9719 8114
4563 9703
2543 7133
3388 9782
6612 187
7178 2814
9062 7361
5682 9528
4787 6209
5698 7398
6475 443
8852 8999
4974 2399
7488 8032
7884 2602
9828 8969
7372 5105
4006 4011
3013 6334
7766 2357
8774 7280
5299 5763
9303 1660
7932 8553
3137 6496
7656 8604
8782 7897
2613 6773
8174 7394
7564 7519
2577 6567
3773 641
9201 4944
254 9560
6510 7726
132 8747
2135 9021
615 5426
4967 1095
1912 514
9456 4784
8492 8264
6144 9577
214 5028
321 6335
2548 6804
839 5033
4641 5912
1193 4515
9134 2120
9847 5134
9606 4836
7951 4544
7775 1567
2506 8146
6955 8417
4454 6419
9452 7860
9336 2397
3553 9173
861 745
5983 9930
2602 2003
7656 5353
9856 1228
3684 7018
8454 88
5389 9946
2399 1565
3975 1350
8550 5035
1204 6003
4155 8285
9375 5953
5502 7473
8151 4182
7921 6122
4788 974
299 8464
4723 4739
7497 9751
9711 2258
5405 7452
5507 1628
1787 4869
2746 4719
1186 153
121 6289
3911 4618
644 9735
3415 8568
9460 1536
3284 5335
7429 683
2074 9675
3628 3920
2796 3764
9420 5182
8596 539
9606 8308
7764 5916
4522 8427
7799 2612
1678 8350
418 7826
3088 2766
4761 4433
6219 3025
4182 4235
9285 5570
4012 9727
8157 9716
9456 6339
2786 8426
4386 3545
2849 9815
7551 4025
4876 6310
645 6437
1914 8348
1602 191
3199 8893
6908 8670
3801 3474
4042 5472
8005 3095
7078 7557
2003 9832
299 4144
8985 7332
4290 4941
632 8212
9447 2503
4305 1370
5957 135
792 8156
9324 9275
7185 357
9501 4171
4278 3854
6011 401
9823 1845
7493 4924
2950 3462
2635 6781
9234 6633
2728 858
9946 1159
7118 2465
1182 83
4119 3043
5008 9006
7507 4084
5596 2584
4486 4628
7513 7234
7799 3859
9582 3655
1626 8279
6935 1141
5080 2932
7373 3065
1077 5662
4769 9851
1589 5154
5859 6757
8355 6546
3129 3403
7948 5078
7432 3860
9304 3164
3458 1162
3602 1340
5285 4108
7811 1764
322 9895
5182 6539
3324 864
9500 1476
6369 1986
8952 9427
5389 1198
1560 1365
9243 1684
1175 9210
4394 5275
1596 2601
4074 4416
4293 743
9887 7582
810 7239
131 2847
4167 9044
4071 1703
3430 3168
8211 9187
7428 2739
9093 128
2894 2495
5640 2156
3886 1989
3939 3291
7185 2583
2364 8801
3773 7439
9897 5854
9891 9467
1241 313
5854 7465
2621 7615
4182 9175
753 8564
9384 5757
1548 9876
7428 7339
3958 4838
2074 6722
5183 1122
5337 3309
5953 7543
6660 4067
6538 8164
6100 9987
1106 6742
4292 3931
3332 2715
8863 7831
2619 8433
9610 4288
1186 8808
2129 5379
4616 8391
3121 6081
9044 4217
9016 4736
2449 954
6787 8289
2648 2255
315 1440
8237 5642
3773 5114
9681 1990
4492 8531
8893 3000
9923 8518
730 5073
4055 8998
7299 7016
3381 3578
5379 9638
9020 3255
1681 4389
9210 3064
6140 1394
4838 1046
6285 2795
2344 9616
7058 6403
7723 807
4173 4460
5918 6156
6652 1334
7428 5318
9300 3769
4723 3671
2625 2689
1020 3996
9671 867
7589 6409
6955 7707
3876 3822
607 2147
4615 8045
4522 3495
9208 9747
5790 4279
7019 4635
128 7145
1265 5761
4308 1067
5337 5147
1237 5947
8807 329
6567 3932
2746 6841
8998 7571
6701 7503
5363 8230
9289 3379
2454 2191
6414 4311
7065 2928
1576 6296
9165 3286
1180 6472
7688 5053
6908 1864
8628 2963
7269 6790
7847 3988
8295 9656
800 3232
6278 6626
1000 117
2384 9104
2482 7631
6114 6074
8897 2957
6128 1455
9074 8536
1621 8685
5906 5552
8343 8570
8569 597
7928 2881
1804 2704
9016 147
3298 735
3602 8629
132 5653
8808 3571
4453 4181
9768 8040
9815 223
5872 638
4470 1873
3909 4543
1510 3400
4174 273
5098 7747
8503 6750
4071 2685
3350 2175
1306 7670
4876 7002
9100 9862
5947 7155
5761 7029
1341 3979
42 6497
2537 3608
8050 6185
9592 9986
4628 545
6955 8600
4616 787
3297 8621
6128 3654
2739 3618
4892 6493
1420 6273
6691 9059
823 5307
9222 4677
3816 7062
8077 2706
923 749
3674 9000
6820 198
3016 9687
732 3994
4718 2618
1067 7408
3983 5254
4787 5206
864 8047
7555 9296
7315 5894
8164 7868
1840 6557
2010 593
7509 3022
9603 8271
1607 4147
8036 9885
3859 3645
5364 4101
9021 2340
8392 1118
4194 3597
5303 3079
2341 640
5029 3549
5076 1547
4338 9396
9606 2276
8097 6199
4556 4546
9021 4348
2745 1305
5890 7073
8959 5071
7844 1730
5078 3128
8200 7360
187 7472
2583 7319
1470 3706
8372 6255
7483 831
5658 3663
8806 964
6548 8738
2276 2740
3634 1192
681 6703
3640 4114
8536 8764
5950 9355
273 2443
6272 424
7081 5607
4472 3760
6761 8325
1106 3872
1076 2956
8090 2335
4101 8063
1840 5645
7605 2394
6122 274
7522 3369
7517 6059
9667 9001
9444 2296
3025 8940
7018 7411
4224 2092
7498 3832
2488 2510
2311 7595
8300 3271
3640 1364
5195 3587
556 9843
4597 439
1423 3362
6446 2530
6537 1418
5297 45
8336 7800
6565 3972
9681 3702
1899 5463
4269 3751
623 2431
175 3617
848 1136
978 582
6013 7866
9271 1516
7876 5840
4466 6686
5513 6899
7928 8688
6278 8182
9243 3426
8902 7619
2728 2329
3576 9544
4250 4531
5840 6088
7723 5009
8079 6578
1441 2398
5527 9448
8963 5344
7350 1656
954 9684
1638 1337
5881 59
7271 6588
7160 7054
7668 2906
8188 9574
7062 9759
1362 3793
2413 656
9682 5129
9823 7097
9841 9837
5870 7791
4718 9352
1175 2981
9952 1769
7185 5018
6310 4930
7801 7829
7429 310
4136 9562
4736 7370
3773 8378
4394 3875
1473 6132
6584 2768
1691 9975
8129 9760
7160 5511
1535 3933
9582 9660
4583 4374
5468 9912
9887 3899
3832 6071
6729 616
1034 935
8235 8867
7743 2032
7625 6890
9668 7177
3297 7720
1158 3226
2561 8447
8842 293
9889 9209
167 1802
1691 8323
9302 8091
5913 7480
3175 5767
5402 5536
4902 7572
539 8421
992 4868
296 1984
9580 7226
7652 6990
7271 7111
7146 1867
2460 4840
6638 9202
5984 2789
1601 2094
5349 4170
6908 3780
4886 3725
1636 8723
3033 6323
2150 9108
2602 7506
6567 1188
7784 5488
6048 7790
5385 6089
3859 9931
7769 6587
8454 8054
2140 5229
299 4701
3284 2911
6323 804
5387 7180
2596 7534
6977 8189
4974 8496
2720 2401
2935 1732
207 3765
2634 7886
7425 2688
9020 7196
4468 271
6477 5628
5694 7186
9439 1053
6548 5099
7878 7818
1682 2372
9319 9988
2903 6395
6858 9710
6757 877
6946 517
7799 9664
2401 6536
309 436
9586 2815
9837 4066
4074 9855
7862 6069
6524 9350
5854 8804
965 8669
322 2675
1682 284
6477 6233
4152 332
8895 4017
2743 1286
7504 4926
6841 3703
3305 375
7071 8436
9740 2772
7428 2735
3549 8259
777 8990
4999 2414
1181 3393
9665 2330
7765 4323
638 5343
5474 1075
3071 140
7522 8196
8872 5496
8731 5974
730 3353
9079 714
2969 2416
8054 948
5890 1246
1411 5657
8363 2005
2728 5966
4025 7697
7424 7015
9575 9058
9005 1419
4508 3407
8690 1540
1151 6974
975 7570
8092 3799
1358 3693
2715 4847
7551 6112
6487 673
1576 4969
6403 8410
9490 8172
655 3723
2510 5500
4537 9235
6114 6662
6464 9278
5367 1295
3799 9132
7860 8061
6475 6969
9711 1390
6930 2941
2957 932
6518 5627
6419 5626
8208 6659
3974 238
3095 7927
5841 7529
3048 1369
1350 8396
4943 5725
8249 1108
7555 4730
4186 5842
8690 4511
7310 786
5713 3590
9895 2388
604 3710
7993 783
6081 2464
4453 8317
668 6024
2894 3814
8079 5163
6323 8099
6924 8783
9204 6826
5958 9804
994 960
1689 2840
8454 901
7579 3125
4311 1985
9468 2421
1599 8873
1720 2106
4886 3924
2243 9292
4458 7214
9878 181
4030 4755
3309 2764
8146 4629
7497 1447
8447 627
4609 5685
6252 1501
5626 5897
4969 20
5744 2456
2974 6728
8339 1721
649 8244
6752 4277
4531 5348
4621 8277
4919 2669
5812 6251
4011 7795
7589 384
7019 1502
9408 642
9615 115
6122 6918
3491 2232
5607 4895
1181 5209
1636 2820
1663 3937
2000 3678
5387 4207
7386 1177
1655 7677
8852 3057
9275 7211
2501 244
6575 7577
1139 3506
7756 3601
4556 7607
7625 8734
4947 6715
1521 4580
8980 2946
7747 690
632 6077
1180 7294
7186 1343
1631 7460
8426 7245
5516 5938
6310 6343
536 3820
287 8979
6060 9124
9948 5086
8410 838
3972 5569
7577 4263
7305 4962
2197 4503
8830 6884
8663 3422
8461 3231
4071 4
8036 1389
2415 4437
9183 1439
1399 3505
808 8855
5631 1432
9427 602
375 6348
7304 6583
8339 4519
2520 6978
1525 8762
2815 6825
8077 4742
922 1613
8867 5338
3058 8619
9951 573
9357 4049
1586 5604
6322 1138
8555 1298
9891 8524
2880 2869
5948 727
9553 7912
1390 3795
901 900
1246 1446
9738 7418
667 8823
5505 5002
1960 1834
2957 6712
5714 526
4375 8373
2716 2352
5918 3447
5819 2486
7861 5479
9370 4696
206 5936
6017 213
6156 8120
8694 3557
5451 1734
7214 8328
8834 2754
1822 8957
5958 3709
4404 2891
4030 8854
593 204
1710 4626
6845 9820
3723 3029
9359 1964
9222 9652
9963 1937
8454 7365
4330 3105
6384 679
2117 3737
6612 4991
3635 1556
2534 8435
7805 857
3820 141
2163 5111
685 5301
8490 3896
1752 1505
282 5931
2785 2615
8229 1468
536 9054
5370 6909
6332 8460
678 8501
7652 2922
5254 6925
6477 8530
2118 3620
1075 2980
6743 1245
6925 4000
4419 2131
6103 4893
4604 2961
7969 5051
4595 9329
1733 8666
4992 4093
6909 4733
3324 3729
2743 3373
9878 2892
2139 1590
6886 2598
6692 5384
5161 6208
5576 8563
3757 195
858 6620
6185 3855
2156 8025
4097 7241
4546 4830
12 3935
4101 2681
7310 7768
9703 6542
3144 570
939 1735
7513 4008
2541 4461
2699 5749
8658 189
9204 8251
387 3410
7732 6765
4152 9739
4304 8190
9832 74
3618 6318
699 2110
7304 6541
1432 4047
7846 5007
4933 3952
5527 6212
6709 6025
5468 9523
7886 4427
2116 8704
3524 8931
7473 1285
7636 3699
1341 8996
3293 8095
6334 7191
7524 5108
3877 518
823 3966
7019 2544
4913 9954
2299 4851
2231 3964
4911 9734
7525 5815
9439 2973
9733 1836
256 979
5024 7109
5870 1685
9006 7621
1034 2811
1592 3856
8057 9748
3793 4448
427 9725
4626 6327
1529 9013
6478 7224
1535 1057
7957 520
6398 9934
7866 2462
3729 6676
9698 6705
3855 7742
6579 5178
8164 553
675 4204
5348 496
3861 4180
4186 1497
678 8055
1303 8202
4424 3142
8202 9789
2820 2889
2793 9766
7497 7699
1295 1314
9952 6938
2654 6117
6437 1315
9554 717
9919 6198
4588 2767
9473 9121
3807 3626
3932 2417
1834 5041
5792 3500
4537 4087
6976 9849
1514 4255
732 5327
1412 4972
213 7337
9981 3893
506 6047
3231 6748
3769 4630
5076 3118
2854 6311
6192 5796
3966 9721
6260 7443
1472 8686
2366 2733
5094 4766
6757 1417
6007 386
5353 7629
7070 4452
739 3238
3415 6737
5363 1768
5626 2342
3121 897
667 7562
4012 9493
2212 1847
2774 530
4119 7210
965 3784
7528 9848
4972 9466
3798 8442
1303 2741
3018 6379
2392 8041
8009 448
6793 8224
4460 1073
7969 8724
1019 2568
2041 9702
451 5410
7720 8833
4311 8795
654 8361
4279 8216
2723 9507
6539 2308
5628 240
1476 1862
3195 8280
5936 8968
2883 2712
2113 908
678 4106
7557 5317
4389 3833
8688 8214
181 7722
8568 9010
5181 2242
5299 1748
6633 6932
8297 5542
642 9753
4394 8729
9059 8384
5410 3354
1828 4355
6496 4041
9804 1743
714 4633
7949 4346
5835 3889
3602 4189
9285 7442
178 6532
1783 5139
1038 5300
254 4607
367 8263
1685 2300
2744 9486
3952 6162
147 7646
3817 7778
8990 5519
7210 1646
4868 1551
4292 1498
3160 8595
6654 2246
9652 199
2697 5113
7311 3532
8212 2328
4101 5914
7316 1919
9721 5393
1087 8667
6790 7603
9575 6601
7073 8136
9428 1930
1966 7095
2923 1921
4391 6268
7093 5754
4345 7474
446 1009
6339 2895
8455 348
6017 9548
7568 8199
1540 3605
7747 3060
2428 8812
9493 2484
2344 8819
216 4426
6754 7916
7319 6881
6700 5118
6151 572
2034 5357
1864 6986
7068 4899
9255 2453
1834 4671
2744 4334
7650 6995
2258 16
9249 4274
9479 2777
1668 1088
4042 9805
3843 9034
812 9826
4633 7532
3788 6079
8208 4489
1118 4352
7555 6485
7220 9322
4628 579
6132 1907
3095 2225
8536 5703
1154 9998
5567 6175
2739 2018
3908 2224
1202 2391
9108 2643
6755 5660
995 850
1733 1700
5305 8371
1386 589
2561 6371
8670 8258
2736 6203
2772 748
5542 9690
2715 6235
8105 4227
516 3207
8254 1268
5145 7368
6789 2262
3371 1961
3816 9561
4048 1506
5062 9405
4195 2054
2449 853
9747 5825
5472 9457
9304 3847
8246 1603
3513 4070
4557 6150
8704 9827
9526 5439
9129 6471
8562 2389
9445 8632
4869 6338
8115 1680
7383 7440
1704 9088
6025 320
8227 2318
3153 7852
8747 5133
7605 6172
4518 9649
8659 970
1646 3870
2145 856
9882 7327
8269 5907
6546 1667
7878 8278
1535 3427
9931 8422
7054 2303
1828 49
5122 1354
3752 5257
1370 1955
6532 2671
8536 4076
7086 7187
8859 6982
6697 7083
4518 4979
7091 7574
8872 4121
9523 1561
5299 2901
3613 3540
101 4094
9129 1509
5257 8186
2565 3039
5161 813
7202 618
4930 1051
9292 3682
8801 9715
1631 1010
4492 7031
1548 4802
6516 4877
7568 411
6609 422
4119 498
2963 825
4807 2604
4869 7147
9533 859
3390 6254
5137 2476
2106 2433
3924 9400
6369 6782
5191 7309
4136 5396
8782 863
911 6731
6652 6561
4070 9421
5983 5431
6251 9794
496 4776
1188 5449
8412 9270
9018 5291
7316 9178
9102 2627
2885 2271
3886 6981
6193 9736
7315 6416
2311 2919
9884 1803
5921 8408
863 6639
811 455
9158 6695
962 9893
7997 1843
7086 2219
8328 6786
1899 1453
9160 4366
2584 7739
5676 5277
700 9784
3080 2978
8378 7347
4978 1784
6235 3432
1268 9398
8140 5290
6563 4690
496 5793
5757 8010
7435 5321
1087 2245
7287 24
6978 9983
6841 9718
6925 7217
5291 1012
6339 2900
1583 8899
520 8017
7435 6718
6606 2446
1651 3670
9759 9419
9679 9299
2632 3864
6131 1880
9652 5269
9305 9601
6440 2582
1419 9540
6103 4765
1186 6406
3080 2751
8025 492
8986 3898
2145 1982
2032 664
2723 2253
2010 8560
5182 2662
65 224
3434 8785
2391 750
6394 788
4269 9089
2637 1494
8496 9970
293 5731
9319 4082
7629 9014
5601 1174
6131 781
6268 2042
9396 1258
7214 6232
9592 8674
6732 6134
2744 7110
627 6506
912 737
9453 7872
4761 3625
2401 5359
2840 913
9710 7345
198 8684
700 6046
5912 3676
2760 1944
1603 9772
3983 1210
9664 6393
9158 3166
2394 1433
1658 8291
8355 1273
7799 1754
1952 1791
1573 3808
152 5380
8235 3366
7539 3711
8727 7683
9489 8282
7345 9462
5573 1848
3513 3867
7133 9182
3491 3229
4167 5329
5309 709
7886 8538
5936 8330
1835 9691
6946 6102
9204 8722
4304 2345
1532 3842
445 3455
5559 138
4186 1406
7590 7237
9093 5750
6606 7022
7847 2522
9253 3130
8555 9704
7474 6346
271 4997
8999 542
3270 4033
7070 5189
8493 2523
7928 9650
4847 9872
6895 3851
2848 8787
8070 3414
1814 9581
9897 6887
2416 8697
9056 9905
5182 466
8658 1800
9102 8118
5062 647
9204 9695
849 7004
5976 3944
3692 1168
8721 4218
7204 4403
589 7706
1966 3865
4320 7296
9523 265
5327 78
1467 2153
6177 8909
7631 4710
4392 7324
9923 7757
5073 928
1914 7077
7912 5196
8351 8485
1575 2208
6497 3146
7619 5208
3366 3413
9145 7608
7409 2061
7383 396
344 6424
6000 5069
8104 5459
7210 3044
745 7880
9449 6149
6233 186
8477 6425
1602 707
5444 4890
1599 1552
1314 617
6799 9935
1575 567
2332 283
8099 5407
9565 3326
4544 8741
9931 5052
8118 763
3848 1039
6412 2281
2398 3815
5128 2722
9847 5581
8396 2386
3971 9773
1941 7858
8808 217
4897 3248
8762 4083
7188 1251
9405 8168
6881 9140
5859 7839
6370 7586
1283 3991
9648 2599
4876 1648
384 82
8724 5935
3626 1426
9771 3046
9152 9903
5370 1810
3634 6880
928 9783
3248 6549
4376 909
2436 3538
6834 4928
1433 2373
4207 9161
9689 1037
436 408
1144 2070
8231 9273
7656 4866
1379 5806
5291 4754
9998 331
293 7653
5731 9767
6714 1861
6820 2379
664 8879
1440 9499
4093 2310
9893 3749
1498 3891
6887 6550
3298 6085
983 5785
6953 8261
9951 159
4152 8845
9484 5450
3780 1965
9490 997
6384 3615
2766 2132
2923 5261
5290 4239
5086 9852
9462 1408
1611 9231
5094 882
532 9563
6584 95
9289 9492
6817 295
7287 6494
5071 8573
7515 4417
6502 7157
5450 8489
6505 2702
9437 4859
3947 6165
9832 8594
2361 818
8363 1172
8354 2563
2401 5551
9993 5365
6479 5545
227 1456
1433 6988
9583 3303
4163 3377
4217 6632
3079 7087
5335 1924
978 1381
42 4001
7671 3288
9034 9631
2133 3700
553 4053
1622 9162
9919 6963
2973 1307
2417 9330
8060 6118
5558 8862
1046 2017
9701 2829
16 5667
1419 5878
7519 7873
9648 4368
5073 8034
2484 5039
7386 7727
7093 3589
5438 1936
749 7565
2793 5127
5527 6375
4486 1640
7574 3960
9702 5060
1580 2933
3812 6640
5950 9430
8600 8914
6746 9996
6208 234
1691 566
7595 5095
3891 9830
1365 6854
5918 4813
4182 7471
7590 7729
5459 2808
2534 6319
6841 6500
7539 9009
7341 9516
5840 8019
2264 3012
2618 1762
2704 4286
8197 6155
7846 67
7369 5395
6955 253
1624 1727
450 5939
5163 8362
8060 5424
4491 3322
2455 6490
5750 1145
3866 2091
733 4015
637 9401
6506 523
1073 1696
2150 6397
6537 4131
8189 4157
9059 6785
6165 2960
9021 4678
9149 6333
9881 3834
60 815
1576 230
3843 1324
2092 1026
9222 3826
7811 2250
3443 2426
4988 6357
2398 4118
849 3638
8212 3902
207 4591
1174 6678
1358 5565
299 7667
2544 3182
7503 3857
3810 2787
4084 4261
4842 6126
4696 8974
469 8257
9202 1055
2592 9607
6266 2257
9464 7865
2431 1297
1519 6297
7984 8730
3911 6052
234 9816
9375 8817
7818 389
2892 6870
4376 4875
7480 8178
4403 4168
242 5932
2345 8971
5161 6624
1051 1579
6034 4792
8574 3530
6409 7516
2632 8449
1037 6399
8628 6777
586 2172
3605 8206
9851 3930
4277 3712
9899 9361
5842 3041
6060 9925
6236 5541
6887 6795
8897 9128
5359 6256
9145 2718
2963 692
1453 8425
4875 8875
5694 6382
6782 4953
9974 7207
1768 3738
8114 3677
9319 8941
1826 7355
882 5019
4460 2536
3238 5908
8783 6987
2191 4532
8494 1722
805 2996
8784 5783
1082 6717
9934 5371
3691 4401
3842 1179
1924 4625
7361 2719
9826 1173
3827 6689
8935 2668
3044 6225
1480 5219
2269 4848
4271 1553
5601 9431
3856 8987
4951 1226
9764 4957
3655 98
1732 345
1365 7899
8686 1045
2503 2859
4081 2927
2265 1032
648 6970
1305 4562
1468 5730
1637 2944
8957 9916
9152 3287
8842 9335
4626 1524
24 8382
8090 1132
8477 1488
6371 5117
8114 5143
5890 9869
9479 7458
1426 4917
3626 2807
7086 371
1094 1288
1016 5851
2565 8304
5565 8749
1492 1673
4944 182
1373 5602
253 7901
9680 5568
4468 7281
1529 2983
8841 8048
1410 6451
8174 3340
7652 4177
9345 4496
1863 2810
3540 8003
2175 9964
8855 6560
5916 5696
7097 6657
3737 15
7687 8839
2486 4777
7757 5390
6019 91
5756 7662
6535 8011
9878 8642
344 1335
7058 5886
95 6527
9760 9214
6823 3023
6494 410
3979 8497
9383 9023
4306 8661
8790 5047
2774 6644
7711 5655
4941 8698
2125 7059
6564 7613
4584 7151
8652 3165
3057 1775
7621 4002
2941 5531
3991 9389
4391 4099
1472 1359
1735 5121
272 949
1660 8250
7154 8241
5018 3840
2810 6152
7784 4072
605 7919
59 4307
3309 2067
8157 9298
2679 3179
2359 9237
3958 2532
9275 5925
7932 2051
4307 7024
5297 9654
6634 9579
5842 2954
4951 7334
9479 4467
4274 5352
5143 1486
8690 3038
3012 2557
4150 5717
4261 485
5573 8478
1732 8386
9052 8267
6372 2512
9275 4985
24 7875
7432 2109
3937 6238
9790 1901
3670 1477
1019 8610
3038 7335
5306 1097
7561 6511
7059 6340
4902 887
2106 4862
7791 6242
1077 8587
8530 7194
7515 8085
6536 7698
6985 4178
8363 646
9165 3239
7984 2821
8694 9422
320 1923
2120 105
2793 1360
4630 5860
4218 868
897 9181
2539 1817
5083 8117
419 3019
6496 920
7683 9982
1926 1785
7223 6461
9489 2448
2341 4853
8986 1687
4278 7264
8824 4281
9934 5674
3975 8219
1336 5813
237 8142
5945 2655
2807 9967
4278 4981
2594 6063
3388 5265
9727 613
5270 9712
4492 636
5181 2714
4247 7499
859 7084
5191 6903
923 9724
8593 3698
7223 6176
9828 1714
6832 2516
1655 6815
4094 1290
3749 7974
3667 9765
2281 2048
5071 3280
8791 3984
117 6608
2299 76
8308 4064
4460 4977
6911 1758
3377 5816
2266 9206
5984 6243
948 6912
9093 826
8104 4137
4997 773
9869 6361
1586 5173
8721 9958
4985 2348
6094 7758
7118 9441
7677 4570
9398 9131
4764 9510
6654 3475
9794 7198
1366 5820
8816 2429
8460 9340
1198 1003
5033 102
7525 8809
3027 7101
9132 555
6199 8939
8003 7405
7110 8988
9231 8440
1848 6730
6487 8894
3991 5665
9234 9915
60 479
8801 8513
7984 100
8060 4383
4775 8507
8593 4285
7211 2347
3806 3098
7507 8615
4529 1197
997 1933
5113 351
2822 3550
5419 5314
9161 2148
5657 2591
9745 5839
2462 6174
9444 3708
4388 7322
7268 9868
7629 9692
2392 6138
2318 1274
4615 4102
7050 3852
2702 8424
9157 6791
4162 5116
5013 4832
532 165
3030 1092
3504 5107
3403 8234
3395 2959
3908 7047
5265 5244
3867 3575
4976 289
7055 6648
8829 5103
4150 2976
3773 1071
7269 6671
9738 7772
863 945
4391 4525
273 8504
4227 6279
8055 4282
3538 512
732 9363
3970 9007
1456 1931
4408 1152
1246 910
3023 6314
9006 6902
2018 1782
2870 124
2685 7105
2145 249
2530 6431
289 8571
4519 2970
1727 6265
5579 6968
5449 6113
4494 610
2454 6614
6752 3089
5252 9514
3532 6859
2522 4865
1373 8760
7047 9262
8384 6597
8569 7173
8685 263
708 3001
4358 7289
6414 3451
6909 2990
7071 9488
5024 9696
8211 4300
5359 4063
4776 9027
6598 3957
3043 816
9577 6418
5527 892
9828 7825
8309 894
9887 3609
7562 1269
4437 3163
8968 5915
6564 1342
8531 6068
1682 5528
8050 1801
937 6313
6085 5063
9338 3
8879 3647
6382 7530
710 1469
6578 5514
6997 1582
7974 2617
4744 2393
6150 6642
6587 6434
8072 5092
9331 6215
7861 776
4424 2261
2292 8165
4492 761
295 2057
5730 2866
6470 1572
2891 2439
9825 9505
8003 2124
7177 6866
2032 4720
6634 6137
7825 5087
6005 9750
8730 7710
3440 1671
9890 9155
2421 1322
6920 5302
4933 5266
2396 338
8556 5584
2227 7627
3893 3925
1158 1148
106 8166
520 801
3291 986
8652 4415
7078 2939
1366 9728
4550 5171
3815 3338
654 1756
9059 6716
8042 6698
7217 2044
2737 688
296 5011
186 6167
6068 6426
3500 5899
7178 1330
492 8603
2597 6095
6630 1760
299 5520
5734 7410
5603 268
1047 4371
1596 9618
5736 6706
8828 6824
5507 9455
8999 9410
5531 8849
8323 7692
951 373
8497 5636
6242 3771
3340 6061
5728 9799
9492 9482
7595 3995
234 9840
6689 6303
959 7326
1655 9417
9044 9459
4992 8947
3288 2353
4424 7807
3061 725
3099 6241
5295 884
311 3230
9823 1823
5856 133
4405 220
7758 7763
868 50
3699 201
5162 4439
9352 3333
3557 2665
7612 6984
4271 4143
3806 7915
8756 3574
1335 5808
7764 3883
8323 9817
360 9957
7622 5222
3298 3040
8971 3959
6728 6821
7185 3962
3506 1537
9161 1882
2764 3766
4588 6941
3955 9233
2000 6571
8854 4803
6825 5716
5912 6336
5100 2610
8593 5430
2602 4291
920 3435
5488 2189
9103 8379
2534 3031
7335 9267
8119 9309
8244 5231
9771 8319
3913 7616
339 2917
7409 2551
2547 7066
8324 6337
132 9529
9837 7251
6824 5955
2353 8726
5843 2742
1274 3468
2054 5605
5117 7855
3025 3573
2900 9351
3137 1042
9888 828
2534 6679
6157 7820
6383 8728
3971 2343
6588 9999
8574 9211
5028 5597
3147 2368
9351 9063
2112 290
8300 2566
6743 7098
1621 7638
3939 7904
2379 250
9514 6515
2796 1376
7722 9812
1648 3528
2284 6194
7954 7520
2774 6713
3902 5091
9855 7253
4087 6613
2135 6227
922 8900
6513 7746
3974 8065
5857 6508
5317 6891
4894 6258
9497 7806
2637 9513
828 2479
1152 6776
4792 1190
3957 9588
3674 2884
8908 7343
6575 3267
4311 1142
7702 6523
5859 6491
2759 7007
6977 1101
9508 6108
3698 4942
4181 3585
1576 1196
1139 5216
9464 5622
7824 5452
4274 7661
5627 1229
3025 8858
6596 1666
3162 7754
4005 765
6175 7164
8587 8691
4604 3331
9319 3115
6995 6377
2227 1396
4324 5956
6914 3501
6748 8161
1037 4038
4394 9194
9407 1740
3979 7206
823 6766
5642 5751
708 5715
324 6916
2284 4510
4930 7040
3487 3374
9187 7379
9912 8942
4452 2877
492 278
6946 5104
2518 4727
7528 3397
9384 7986
2250 4577
4088 2784
5514 2696
5763 6453
2503 5148
3245 7985
303 1615
9237 3863
6949 6517
7331 9369
3786 9941
6254 7320
7188 9368
8908 7748
3131 5712
4877 5049
8855 9846
6210 4666
707 8664
6266 259
3517 3442
8361 1520
5615 3342
6841 5412
4903 7680
105 5200
3443 524
2197 8572
5992 8511
1912 476
456 9142
5536 9850
6521 6707
5052 6142
5584 6356
8593 5705
7949 6758
3861 326
4543 1935
9373 5058
8435 3685
8858 1816
5131 3349
9764 7857
3325 84
3282 2569
5095 930
2246 1217
3685 6222
9420 5852
6633 2165
9222 300
8123 5671
9557 2020
3833 8751
51 9101
8816 936
115 926
7946 3011
7071 4569
1418 3259
9931 8275
9023 2526
7543 554
439 9378
8454 5620
7862 3181
1548 7552
1592 3904
1784 9775
6823 3167
8712 528
2751 9593
334 8484
7245 9729
4316 2758
4461 4367
6251 7526
9350 4734
3065 564
1046 3802
9698 3189
473 7445
6235 2888
800 5235
1555 215
9721 2542
6916 196
5337 9688
2183 1213
411 3805
1602 9112
5148 8889
9784 1967
4645 4264
8788 4333
2575 9651
7713 8646
2299 3156
5365 8548
5538 96
5662 9066
2863 4986
5761 7654
4895 4768
9725 7430
191 7863
3685 7407
4720 4425
9704 3756
3238 3074
8869 3078
8391 317
9010 8505
2628 6853
9103 3672
1504 4679
3455 8508
5290 8700
3293 5778
7473 7479
6793 6688
3854 2817
4108 7035
3214 8735
8663 1932
5290 7048
4189 6301
3131 4651
9140 921
2722 6084
3991 3747
3142 7994
3852 4898
8186 9787
8219 1746
5380 2182
5865 1841
5890 696
3563 3759
6511 5639
4210 1006
3149 7195
4261 4341
4338 830
9273 1902
5098 7911
4958 8649
1561 6204
8332 7192
926 1385
8140 114
4041 3177
3898 2274
8262 9985
7097 3070
8188 4845
3334 1459
8202 2155
3352 5885
2165 1719
1567 5829
7543 4912
1497 9130
1783 5284
4760 6973
8624 9232
9437 6803
942 1972
9773 1855
4469 1774
4657 416
807 5155
5712 8853
3761 2115
9374 5762
5519 475
8966 5863
7824 9371
6490 5733
4131 9247
5122 7103
3239 596
6383 5464
1776 724
892 2914
6973 7378
4092 741
3915 3717
8699 981
5223 7940
981 8975
1875 6
1709 4024
6925 9896
7070 527
61 9465
3195 8876
4488 5506
3373 4516
426 5462
5439 7547
2810 7559
1180 9386
371 6693
1486 3157
3833 2838
9841 6669
6734 4844
8142 3813
6140 184
4645 8912
6384 5630
7660 4614
6020 3100
8181 6570
7234 6191
6508 944
8556 4748
2976 8982
2745 552
4933 2336
287 23
6338 7184
17 6599
8332 6120
3958 8071
866 4554
6493 8523
6089 7944
7405 7400
3731 6050
2641 2805
6765 8205
2414 8121
6977 5106
1042 1304
3815 3318
579 1832
3872 7666
2533 2288
1822 4317
9886 1072
4392 9051
8587 5411
8669 5322
8897 3858
2974 7190
9881 1807
6162 5271
8068 9908
2669 6882
5172 2971
8109 8035
3464 9106
1677 6975
1502 7580
4362 5188
6425 7277
5716 711
1342 3507
4967 4904
7103 7914
5244 5896
1032 958
6545 2920
3030 25
2883 5230
9215 7182
839 7797
5744 4062
3971 7781
906 8356
1492 5646
4690 9645
5441 895
2225 6474
8808 3154
3563 7265
4394 6992
6149 9839
2539 487
9308 4613
198 4623
8289 5490
9115 1773
2793 9694
4910 1372
397 8106
2739 8075
2921 9627
1501 6205
42 8821
8442 1562
6612 7298
3410 1794
601 6998
9527 4343
8734 3279
1384 9395
1602 3629
3507 3716
6275 8124
1027 1888
8190 75
9366 2651
9265 907
7259 9476
8005 3192
1027 5354
5092 9224
221 6413
9098 3473
3475 8780
913 8739
8699 5428
8363 5874
206 4462
1097 3423
8479 1844
2617 1371
8953 5871
5314 728
6251 4090
7466 4295
1151 3862
4631 6769
5630 3561
8376 1962
6860 3094
2355 6267
6367 4791
2594 6994
916 2642
1514 3068
2751 9685
8294 6086
206 5587
9735 5234
3030 7935
9285 4214
9724 5423
7867 1170
1961 5994
5314 7896
8524 1724
3784 4990
2935 8955
1681 7364
487 9532
8799 7998
6538 5588
3750 9099
6781 7387
9513 6835
8475 9169
668 440
2253 9524
2921 6287
9592 702
5506 1517
2094 8598
9173 5040
4580 1906
6399 4276
1748 1858
5219 9429
74 8138
9544 537
2137 9806
2808 2210
8592 7869
5039 3694
8893 5512
7568 3661
6630 3547
1251 2107
17 4357
3857 5903
6303 2682
4977 5373
4411 5550
7210 8743
1476 9928
5602 1015
1015 7293
9592 3252
6620 8037
3864 9274
7155 2164
1580 3236
2641 4512
4804 7001
5439 6433
2210 4921
2163 1852
1173 1550
5670 1496
9168 7848
6707 8786
2390 2346
7055 631
7667 3882
1390 2861
4777 4378
5815 136
9790 405
7715 3209
692 4785
3303 1401
7629 7967
7529 5417
8182 8305
5407 6363
2163 4065
5913 262
5137 8006
5505 2496
8873 1726
1366 2794
4048 5574
1245 4465
9789 4945
5676 1405
9574 3527
1147 8217
6820 1569
443 8052
6866 2075
3090 8128
9855 85
396 8650
4695 694
7293 6298
9975 5495
1457 998
3804 5355
1400 2201
6203 1407
3081 9542
4591 6937
831 3853
3962 8390
8704 2233
6375 4115
9616 4644
1228 8083
757 6603
4846 2216
4088 3246
7710 6211
9841 6948
9430 3922
8508 6708
3354 8056
4678 6396
3167 5786
8063 7286
2973 1031
6149 1
1360 9266
9819 5403
132 8028
7605 377
5305 3718
5866 7888
2571 3927
1418 1112
8892 5508
7904 3454
0 879
9332 4312
1709 8132
8210 337
6950 5877
9227 6594
195 7346
2817 1021
7997 5233
196 7381
462 9637
4735 9498
3842 8884
9431 327
2397 79
8663 5606
1930 4086
7192 1958
6465 8007
6323 626
8006 5440
3818 8209
9996 4818
6011 2686
2242 247
4682 2217
6414 7215
7432 1404
6487 2087
3427 4530
2507 5027
4866 3740
5229 6762
2604 3511
528 9050
8269 3062
9841 4540
3252 9962
699 4620
7661 961
3853 8487
8353 2050
2208 8565
181 1831
1619 9084
5071 8618
6175 7583
4383 9642
9099 6498
710 9796
320 5882
1342 5273
9975 2196
9384 3592
9897 7734
1229 747
4943 5026
4072 2425
7826 9282
3374 4600
1829 5710
7316 8657
8663 4692
3762 209
3144 3648
8487 4410
4494 3124
496 64
4986 6264
4001 7591
7420 7124
6414 565
8157 5927
1405 27
9564 89
6046 2327
2176 2333
7831 1731
4084 8551
8930 3262
6925 9634
2516 3161
681 7523
5757 6390
3350 9348
5487 8192
3860 251
5092 90
5275 8602
1722 5388
7187 9629
2449 7323
7697 8468
386 111
9830 7809
1324 819
1714 7585
8497 400
4741 8116
9131 5853
3026 6420
5626 7162
2793 9866
9695 6467
7193 7802
6786 3987
1787 3735
5172 5650
9689 8127
4668 7027
2106 4647
1488 7999
3133 3776
1150 9325
7211 4459
8189 168
3104 9587
7019 1974
3078 529
8468 308
4453 6900
3310 8143
2130 4431
5368 8755
8953 4363
1089 3680
1119 4211
1484 6462
9344 3879
3972 5678
539 3103
3822 9950
6394 4342
2789 1002
5031 1339
3661 6876
7903 9372
2785 8597
8461 888
7103 4837
8054 4827
1283 4507
1704 5593
5749 7601
9483 2358
9760 8486
1804 1398
7362 8292
9437 6428
254 2874
2373 987
4105 1711
6877 158
3226 4351
8034 1206
3422 6879
6686 8765
6323 5336
6049 1940
3986 6058
5525 1282
7188 3457
6306 4398
3475 2178
3495 7703
5441 6933
1764 52
8855 2646
1921 330
300 8021
2919 2567
338 7208
6337 403
2114 7090
4544 8733
6902 1934
2516 6740
2466 6547
5387 6488
1374 4441
7710 459
692 4146
759 3205
6825 2997
309 2080
4370 392
5891 4605
1330 7382
7687 9026
3436 6304
6969 6929
5352 9119
8595 5823
9968 6844
1514 3707
1767 3317
4668 1116
3059 2952
7200 4654
4362 2338
2150 3611
7969 6805
6567 8465
329 4390
692 793
2660 985
9837 9633
8414 8445
7562 9065
4682 1120
7188 7272
9820 3216
9888 6360
7058 9179
6177 5582
2983 7930
1010 7434
2859 1357
1190 5084
4417 1777
6414 3705
5808 4712
7309 6299
6103 73
5741 8380
7047 2929
2460 8441
2120 7170
6801 3728
6717 1331
1864 495
8402 989
5407 662
994 6248
7917 3431
6300 2185
3409 7761
5299 4805
1691 5789
8523 3836
6370 1231
849 8081
6478 3380
1037 3499
9429 6358
6322 505
961 7463
1251 7514
8071 9570
4053 3228
9299 291
187 7740
4147 6309
6145 5156
42 3522
6259 3145
8115 8016
3703 760
6313 9730
3166 4221
9194 2609
5844 87
4838 7006
5368 1194
4277 704
3613 4109
920 5323
1083 8868
3506 1905
539 4037
2740 3034
8942 461
6709 2898
3654 1699
5881 5535
1750 8836
3499 3127
6275 7075
1631 9283
3166 6408
5767 8651
3152 7651
2885 2966
4604 5066
1314 4172
4765 8287
6308 6056
5189 5583
6587 2631
1541 8529
3730 9992
6610 6066
2496 7288
2280 8915
8690 9159
9249 3319
5736 2705
5170 3042
4941 9200
7447 413
3729 5940
6887 2872
6511 8310
9771 7456
5052 6959
5816 412
3634 600
8949 9496
816 8413
1605 3794
7446 7567
2075 8141
9383 4197
4342 5077
9214 9002
185 6078
9546 4373
7159 3329
9383 3781
810 7679
6785 5775
3310 5609
6911 6888
2017 7669
928 7900
7751 6076
6900 4929
1339 7753
2394 6202
4744 7832
6793 9475
5300 2230
7802 3315
3575 9858
6175 2485
8183 7448
6918 4549
5357 3102
8618 1584
4353 1493
4166 4479
3563 4242
6078 9133
3561 1545
9593 5972
7002 3539
6461 5016
3909 438
6412 3234
4986 2199
8060 5292
916 8093
4411 2748
3730 5310
8788 7248
1688 4639
9501 9871
5848 7079
8787 8268
4008 7714
8893 1367
5441 9614
9470 5068
3214 2004
6363 9821
5541 119
8875 1195
2332 9762
7950 6764
5188 9434
6648 5624
948 372
439 5518
8390 7623
1468 2701
6310 4533
7300 9752
2613 3370
1966 1645
1712 3116
6883 6738
9828 1909
3434 5315
2866 7536
8279 5413
1782 4632
9710 6349
336 6629
2020 1300
3677 8645
2671 7116
6592 814
4549 9792
9524 5045
8186 4952
1535 2749
9830 7700
6888 6028
5266 1959
9371 2270
7784 8385
8024 7987
12 1798
4425 5432
9242 1414
3104 7885
5945 3775
1213 2354
2512 3841
68 3940
4016 7276
7280 3496
1385 9025
2526 5119
5750 5625
9544 836
1760 3404
6118 1345
9985 4145
5935 149
623 2603
9009 6507
7820 6861
1773 3948
3801 2608
2311 3783
7196 3977
9375 7546
4853 7628
2610 2781
6785 6415
9627 7384
2888 1048
3640 13
8372 460
8618 6218
6481 9598
1930 8789
9155 8777
4281 9082
1521 6035
2628 6574
4816 7995
75 129
144 2239
7271 3200
4529 280
685 5599
386 982
5528 7416
1350 3923
8681 9110
3287 2607
5226 7933
5882 8266
6965 9780
6575 546
3883 29
121 58
3962 4634
9797 4888
9179 3272
9667 860
2766 8314
2547 5057
2216 4104
9987 2490
6823 4900
5327 3444
2874 6593
9801 5471
6439 5760
1460 3269
4613 2513
6653 5369
6478 7469
5881 1951
530 3943
278 103
1541 9723
2716 8233
4632 4801
7285 5214
4890 9388
4105 6621
7198 7415
7847 1641
7195 1786
5945 4700
6461 1527
4925 8820
8572 3203
9858 5429
8893 8630
4556 4326
4790 11
431 3596
6795 5187
8733 9423
5206 5742
865 3622
1381 1799
2092 4738
221 4759
770 5340
5757 9135
6294 1950
8829 9354
3893 1761
1453 6767
773 3211
9001 1234
7446 1665
5479 7785
532 5088
9629 2309
8723 2825
749 2832
4615 6577
9235 3101
4777 4230
564 2007
3095 5637
5113 2942
6692 2519
1959 3600
5863 3912
8129 8616
4710 2527
8808 8388
95 5325
8016 8281
2003 4349
3134 5578
8730 2082
1048 2606
20 5473
1101 2690
9078 4796
5431 9136
5367 2984
5435 488
5335 716
1719 1770
8251 5032
6494 5826
4261 1301
3145 2079
3718 2731
983 6368
1906 1060
6748 7377
1874 3429
9110 3790
1732 1693
1535 9989
7279 799
9263 2902
2051 7597
1089 8171
6369 3433
4274 2480
3062 1495
8233 8374
9527 482
4309 1942
9633 5453
6375 6316
5023 9217
2448 9392
1092 5345
8731 2687
8077 139
9602 3779
5301 7973
5270 3928
5244 4867
4776 6874
7185 3519
6782 938
7924 4749
8362 5524
1520 1471
7370 5876
3207 3448
9030 7816
3589 6666
8002 9731
1039 8293
2470 3141
6677 4322
4591 9972
3413 9639
3354 3525
1408 7189
6765 4164
4877 3465
2896 3796
476 5224
8619 7550
3400 3652
7173 2673
5763 7947
705 354
3259 5917
7597 652
960 3107
317 7009
4473 6374
866 5109
7024 4907
6466 8865
8830 7874
4462 9353
4977 3483
8017 7894
8114 9519
8120 1346
3434 9666
6095 1320
4887 8191
7584 1338
4146 7023
1068 5814
3414 8298
1969 5378
268 2013
8656 9861
3089 3401
2811 6402
2318 3266
5069 4703
6732 7115
9815 6827
5581 2865
8123 8901
6382 8965
7443 8822
1592 3800
6817 7494
3530 3251
749 5529
7430 9659
2944 4026
8982 1260
1613 4590
9946 8218
6406 5414
5426 1568
1000 4029
8871 5493
5214 6585
3334 4487
1928 5847
1045 8736
2512 8428
5534 8368
9158 2491
2501 4455
2533 22
7880 9281
2815 6972
3064 5845
4403 226
9900 7850
4308 2184
8494 2498
8914 3916
4682 363
462 4973
2609 4151
5181 7225
2779 5672
256 9269
786 1643
581 3521
2739 3598
8980 7121
7345 9918
3306 4028
1342 4964
1512 9641
3657 7836
8166 6037
2861 7464
4084 8058
2922 8154
572 6042
4736 5555
83 4077
5036 2221
6642 3278
9712 9116
8121 5810
1322 2780
1802 4100
9010 8393
9506 1793
4308 7823
6517 8557
8675 9294
8952 8546
3699 3461
1258 7042
5076 731
4423 72
8414 8687
5790 5673
4944 6307
8550 4418
224 4536
2048 8918
916 6324
6827 9776
7844 796
2042 2626
1969 6646
7586 2672
7192 1353
928 4444
8897 8342
2654 1078
1084 343
6695 713
9498 1121
9704 924
8548 8521
556 9835
3310 3263
5926 9272
1930 736
3984 6380
272 9031
7411 6600
9547 8345
9986 7968
6955 6631
5187 160
7839 5250
7657 7374
3777 2408
4941 2724
8764 5159
206 2030
1346 2072
5182 2159
2651 2640
4172 2778
2561 3969
4605 6353
1726 4770
5935 5544
5830 5695
2748 4117
3816 8370
9136 7553
6349 468
7534 9244
5019 2395
8373 4356
1189 1235
9629 4746
2384 1436
1977 5152
9776 1608
256 9943
1552 425
9289 9252
7065 2620
4308 4598
2627 3562
2399 3092
3596 54
2942 7981
6408 1481
2869 5014
24 4781
3410 2857
8374 3139
2755 3173
9710 3299
392 4721
8389 3355
2483 3734
3810 4051
9999 9120
3773 4040
1958 6802
105 8997
7529 6001
5421 6312
1835 9171
8241 4752
1720 2999
6899 8329
3079 4771
9753 3748
7582 6274
2826 2295
7643 2573
9490 7114
6866 3119
7234 6711
8735 335
3157 7258
1127 6702
1727 9390
9178 3453
9093 7255
4614 4938
2394 2678
2712 6580
911 2773
9346 8027
8915 7240
1580 4246
76 4156
386 2127
5200 4521
3395 9824
3984 5281
7044 3339
423 4872
3759 9978
9745 1081
401 3914
6032 2
938 6576
3182 2317
5041 2251
3657 4387
5162 4624
8248 5074
2342 4023
9100 7104
114 2008
9963 3396
4641 580
9593 3194
1088 3313
1682 1594
6219 624
5870 1156
3023 7468
686 3828
9826 8302
5071 9720
2408 3582
9493 7664
5627 6269
8863 8973
8160 3744
4993 3604
5103 1001
4886 6239
3291 3713
9149 130
1696 9043
8947 6187
4173 8541
7661 7626
1272 1534
3605 7505
3134 3789
6146 2680
8361 3623
2303 5446
4618 8758
4231 1165
1436 6189
1116 3237
5760 9758
7795 2181
5676 2076
2500 7736
6991 7578
6941 449
7828 1388
9325 2841
330 6365
1901 513
752 4165
1300 9032
3295 2025
1156 5832
9973 3778
5073 9673
1810 8367
253 5383
3634 5803
9300 4998
1435 3976
5105 9793
8572 8886
6500 6123
939 407
4567 7340
5424 9251
6359 7397
8536 5458
1560 3421
9761 4262
5250 1464
1188 8290
3914 4344
4378 1199
2084 6226
3318 1117
9725 1225
397 5082
7425 7318
7386 8540
2654 8322
737 5795
4647 57
6408 7451
2495 3307
6383 7819
5392 7313
8971 3398
6069 966
6187 6092
8320 1442
2126 7965
1084 5477
7367 6855
8873 8365
2266 5811
8901 8937
8275 1992
5830 621
7288 5946
750 9914
8587 477
2516 5988
5353 6087
9601 1695
1529 499
7413 4833
9057 6364
6092 6741
5270 5436
3867 1270
5365 2026
215 3290
3766 4314
9168 4039
3629 1820
8019 1884
8587 1271
351 7486
3163 8012
2201 4513
5002 4884
2003 9597
974 2285
4844 7906
5994 5194
7779 6317
4953 1718
357 7138
3443 7721
2971 9955
8103 7730
8940 6328
524 4815
550 2144
4274 6843
9804 2228
4311 9391
227 1264
642 1920
7410 5356
6367 666
9016 4617
7683 9658
5094 8567
900 8905
974 2193
4104 7712
4614 4482
8743 6480
9187 8407
6925 4824
2173 1236
4417 1224
2393 7222
7760 4878
2807 8044
2389 754
9369 2818
7160 3356
7497 5255
1667 9019
5512 6455
3060 9480
8294 6489
6071 5727
3119 4664
7298 6321
83 665
5796 3085
2737 5079
414 5675
7699 5185
9812 5688
7646 6720
6247 657
1916 8284
9626 1993
8689 53
5939 9653
3778 1279
4131 3956
8427 7588
2722 5924
7479 4075
5877 8626
2567 7943
9332 3021
8736 7176
6064 7892
9216 946
9490 5752
8863 6366
9152 991
2917 1723
8099 3114
2103 7812
3397 8545
4776 2387
8758 6053
7515 720
6834 9385
441 8948
6789 4299
2901 7390
5519 6389
5286 1549
8645 8623
8445 1184
345 9176
9496 1563
6570 1461
7042 9877
6232 8956
7653 2514
4262 5418
9695 5256
6555 832
8481 5651
3153 5227
5033 3510
3116 1728
3388 7076
2874 6180
3670 3466
6112 3907
2150 695
1782 557
9390 7606
3665 5656
6891 7089
7162 4229
4071 5788
2221 6354
8931 1153
1770 8759
7411 3155
474 6179
7713 6534
3852 7181
9782 9295
5390 6907
5450 795
5640 8253
7190 7489
6670 3050
8727 9763
6396 3797
2793 3055
7734 1248
7861 8139
5899 9141
3227 9310
4110 6945
5392 1898
9149 4932
8636 6281
2895 7034
4145 3180
1231 7149
7530 9864
6686 1642
7383 1542
413 7013
8422 1123
6817 6501
3027 5986
7730 8375
9721 6867
7146 9622
8646 7731
3319 4793
5129 9414
9784 2254
7730 8482
1250 7449
5841 9394
6309 3895
1615 3106
9999 3015
1013 2717
8618 744
2067 5635
831 8130
5285 746
554 3051
5816 3637
1740 9126
3762 7156
8083 619
8384 1546
1076 6589
230 9947
4496 1100
7935 2223
7692 6147
8048 9630
4734 1176
3433 4364
4742 5800
6832 3926
9353 6178
848 2073
6702 3456
6919 5864
6095 8318
5199 5532
268 1954
1236 3086
4085 1697
8533 7455
1073 3402
8721 4240
8643 2090
3414 5382
2109 3437
7104 6772
7714 8740
9660 7246
3983 4265
1453 7750
4197 6798
3727 5537
95 7510
8819 9144
4468 8398
2120 2812
6782 7537
215 873
1664 1161
5271 9503
5277 2549
2541 3998
3783 292
611 3835
2764 3344
2182 8456
1107 4806
7055 277
2167 3382
7013 2273
3338 5740
2488 4176
9658 8983
8572 3217
6416 6625
6708 7991
367 6186
6256 4662
1840 4116
9580 2363
1641 3906
8447 7641
8024 7123
9688 614
9618 5276
6765 5952
6120 7290
6312 8023
102 1745
50 7851
6791 929
6134 1232
3359 8170
8627 891
3549 9022
3179 120
7110 4443
8918 4612
7876 4169
5090 2211
2487 503
5988 7108
4744 7538
505 4638
9888 2305
338 5610
8604 7531
7455 3533
8050 4395
783 6457
6578 5237
4090 1220
1731 428
8947 3260
1349 2886
4580 2381
4416 1413
5109 9435
7186 6458
7471 9808
4300 1259
8063 3120
5449 9039
6870 8612
9476 551
2872 8049
3545 9024
1590 7278
307 1105
9983 7046
6494 9608
1791 3809
4838 4642
2627 378
7686 7092
451 8620
6948 1701
4816 4686
6124 5833
11 6181
1848 4054
5335 169
1028 205
9484 8763
9975 3193
4269 8960
8845 2409
4619 8247
4125 957
7456 4377
6983 4369
5569 4665
4633 6961
609 4586
4720 346
9294 5021
6877 8265
2145 2938
3895 7658
9498 9578
2309 5998
5599 7663
1951 6699
4972 6002
2353 4303
4996 2912
7906 1998
3958 8637
9449 4209
348 2445
8002 6373
4013 5268
8968 7292
4368 1698
4285 7972
9029 3459
732 9199
8174 3570
1926 7462
5131 3559
2227 7401
4710 2504
5508 5055
9251 1868
330 6302
6539 7587
7112 7349
3920 2947
3332 9573
3000 3555
6911 6447
9653 406
11 2306
4839 4257
6525 9619
2242 5643
3895 2769
4793 4548
2025 5822
7872 3467
1767 8078
920 2202
2838 7282
2592 8815
5826 5184
3295 1598
6895 4552
3099 4060
9220 1792
2697 691
2807 2160
955 5434
3260 7025
3423 1296
9893 8149
8685 501
7206 2102
9009 7342
1246 2493
520 3122
7961 6605
8389 5723
8118 3900
963 4810
2825 28
3032 8613
3925 9818
4904 6391
9950 6452
3440 2936
6979 5174
1306 9259
6480 1978
5291 9317
2848 943
5244 4637
6431 5328
9656 1091
683 6869
4468 1738
3764 4154
392 1809
7595 2801
4945 9411
6882 9446
9302 46
1015 5346
2143 8419
1362 4236
8482 1915
4455 2639
4939 5296
8427 3024
7234 5263
3868 4968
6706 6016
9733 5659
6446 9512
7510 4708
3436 1654
3169 9971
168 5837
7683 4956
1384 9203
1681 7487
4371 4412
3288 7755
6883 1772
5731 6197
2731 7137
5121 6936
9259 4717
5741 188
2331 6444
2125 7554
7900 4501
9941 3541
8425 5279
6424 2559
5039 8933
3504 6723
4883 7414
6883 3791
4489 4248
2672 2195
4269 5433
9952 4772
1358 8471
4620 1991
7029 8864
5082 5687
4324 1428
6218 8340
2140 3997
1944 3336
8012 6362
1473 8204
4374 4069
1274 7637
4706 4931
2155 1766
1815 3938
2368 2252
5098 9238
9201 6355
2067 5724
1731 5259
2018 4582
6175 8547
6565 5249
6822 8599
2999 5919
4104 3225
2634 1609
7697 9471
4554 2322
2780 3035
7371 5887
8734 3283
7390 8761
9096 1233
7948 5120
8700 298
9233 5409
8524 3383
5724 576
6369 2105
5814 374
8181 7203
6970 2579
6375 7771
9642 7600
5926 7569
6858 4841
4390 7406
7096 5190
9387 7163
7009 3417
4072 5963
4875 1085
4837 7431
3676 3656
6870 1744
9784 6655
6725 5884
4634 6999
5593 8331
2402 7099
5313 5341
3996 820
1532 9442
3590 8532
7564 9343
3120 541
860 2771
4429 9061
5182 1564
5730 4980
2775 8927
2149 9600
4853 9558
2597 2119
2509 2727
4466 32
6215 7665
3085 2222
7677 2412
2265 4500
6863 305
7103 5691
6067 3014
4760 4153
5071 1927
1615 9426
7632 10
8978 8778
868 2435
12 7213
2232 7645
4121 6792
2101 5136
2733 1949
6965 1146
8233 3646
4964 676
1762 5061
4592 3493
8899 31
4824 2422
4670 5968
2384 2459
627 7158
9758 590
4844 6173
3161 6533
1107 6528
7754 4774
6965 559
6529 4864
8855 5165
3752 7920
7612 1294
1941 1130
3691 8976
303 7752
8949 4447
928 4476
4644 3327
1165 5422
4700 6656
9305 4905
9529 4828
1055 9534
9299 3497
6601 3482
9629 7359
9194 2248
7159 1409
2990 8014
4869 1635
9583 7301
1964 2663
2680 2992
5783 5456
6599 4724
4338 9636
3064 4989
8363 993
7553 8967
3495 3304
7767 9342
1268 2385
9262 5758
6656 4687
9400 7830
7367 9517
5776 9017
6979 7808
3009 6647
4420 3901
9709 491
4334 1103
666 3083
939 1124
664 1211
8048 368
4272 1443
2849 4729
7374 1883
2679 3191
9331 7596
6743 5146
7463 5144
2057 4287
1266 3758
8704 5096
2669 3961
652 3624
3228 3552
641 540
857 8888
702 2369
3266 4396
8767 1332
3781 5649
529 1125
5696 6160
9009 8416
8689 1968
8976 1675
7320 742
6977 4901
2601 4179
1769 8696
8670 6127
2223 3053
6011 5719
9828 1606
6446 7119
8109 8352
2344 9599
2940 6586
6364 4655
3030 3308
7665 3586
1345 3392
9100 4808
1359 1004
730 4711
7349 3254
1090 127
8788 5930
7536 5572
6583 4350
6095 956
4338 7219
3975 3010
6853 768
6466 2586
9159 9073
45 764
8478 3792
160 8766
5452 5081
1198 1856
2288 8236
5162 122
5544 7353
6578 8274
7084 2517
8277 6947
4805 9551
7271 6245
7647 2926
8214 8491
5306 9676
5631 8673
4181 9230
7677 4971
6776 8773
2102 9997
2543 7803
1700 5850
5279 919
9673 663
6975 862
3886 8038
9588 1061
6471 973
3245 123
4001 3523
6408 9196
2774 7548
9325 940
5146 9874
6932 8870
638 9961
53 4646
6502 3614
6328 8716
1091 7511
7667 2570
5610 71
2686 6553
6692 5805
536 9257
686 7923
2512 9898
3144 9229
1537 7153
7086 6129
5687 4854
3925 883
4903 6726
3836 3498
1159 4747
9086 1943
1531 9418
783 1137
2840 1996
4373 4258
8638 9774
2549 2477
6955 8671
2482 2218
8593 8430
9716 821
5266 4428
7001 7120
7802 684
8668 7642
8479 4135
5096 3004
1020 1593
1199 8622
6605 494
6431 3198
5682 3941
7001 6952
8576 1953
7190 4327
3550 2545
1723 4523
3181 4414
776 7518
4157 4052
403 4789
2687 2505
4853 8338
2541 3316
8032 1657
4423 5566
816 9197
6559 4044
5670 3365
6974 2725
8987 4463
4465 3668
5353 6770
4776 6143
4730 2062
5483 2474
6900 5492
9828 7125
2505 2440
7652 1911
2003 497
348 817
3013 9609
1228 7541
2003 6182
2542 9910
305 5022
6896 3603
8817 9620
5518 9041
3882 41
5827 4606
874 393
9375 5909
8041 4091
641 3639
5916 5331
6122 9875
2603 9576
526 9693
7390 5680
4300 2988
7483 5571
2342 1988
8439 3767
6334 1716
2225 3989
290 7639
5449 8187
9464 1171
9780 8223
331 4502
2523 2624
5163 953
329 5634
9013 2056
3777 578
1756 5962
4514 2162
2308 544
640 672
8869 1416
3432 3612
8006 6526
8259 3675
2105 4190
3105 4035
5738 5618
5491 2055
4833 118
4040 3045
9026 4694
2356 7649
2285 4594
3710 3007
6599 2320
578 778
2779 4653
349 9412
169 6780
559 2860
2401 8519
8959 8861
7829 2180
8815 9404
7029 9669
2103 7783
7933 5236
1640 3942
5749 8108
9268 7611
3718 2362
5752 9198
7173 9416
2759 5564
2136 8046
4462 6871
881 510
9820 1475
977 5679
6900 6696
9079 5702
7679 4581
5760 4601
1257 8725
1780 8512
3342 2029
5205 1378
8859 4750
6152 3946
1089 7909
9494 6109
5269 9111
7529 9188
2331 9042
3370 712
6925 8793
10 9672
4002 1639
746 5362
5581 769
5244 2400
4188 6043
4000 4193
3404 5591
2223 5875
7480 9662
5111 1808
4738 6018
5532 5720
4655 4130
4793 5130
5579 6962
3129 6051
4933 2312
7995 779
6191 6800
2751 5768
8758 4192
23 8633
4168 2887
458 8714
5062 7053
2563 4906
7857 3412
5359 9367
7053 535
7226 6456
3026 3782
1478 36
3069 9314
4947 7738
6563 5611
4675 2259
5585 1221
5451 4372
5890 1278
1902 6960
9388 3097
5418 3890
4242 8750
4645 8069
2253 7209
3665 7302
6828 1647
5134 880
7802 525
4025 8158
8398 3950
8935 5457
3339 1878
882 2323
8553 8311
5839 7675
4607 2293
2654 6940
7557 8590
3570 3170
5724 7129
6506 6026
7739 2734
2248 1402
9615 6221
4521 4219
3295 2698
1928 7533
6705 4251
1535 8961
3124 1387
1079 5004
3791 651
2103 1327
9022 1018
439 5042
5200 8826
5358 4056
4794 1904
6327 2833
5603 988
7296 4021
7732 7132
1076 2553
2245 7604
5816 4332
1697 2588
1933 5065
308 9809
9729 5526
2743 2100
4376 1380
8630 9802
7686 2171
3726 8825
2640 8680
9510 9965
7206 4302
8182 2290
8788 9241
1760 2052
5654 833
8314 1310
999 4566
2575 245
1029 7717
8701 3821
4303 381
8731 7484
3142 3067
9885 8848
615 1946
1770 6400
719 5739
9303 2508
3804 5475
9727 4498
336 1110
5604 8713
6977 4762
8749 5704
50 3720
9970 2525
7677 4045
4498 2529
3042 2095
6782 9349
8873 3641
7397 635
5055 1344
1181 5996
5704 925
1563 1963
857 8443
1180 3653
3761 9788
5551 3138
1734 3659
1648 6921
1127 1849
3652 6651
6065 6022
6084 4783
7998 3825
5107 2283
7946 2658
3331 6747
7715 1957
9303 775
7568 500
2481 1166
9651 4555
3454 8148
1402 4585
364 2647
3277 232
6576 8401
9283 1797
250 2268
1464 8358
5688 4328
3483 1759
8058 1253
3059 4260
6403 8203
8714 174
8323 2726
7763 5312
7943 6993
9619 3774
3262 592
4895 5706
1740 4756
3560 2757
7505 7064
5236 4384
7899 842
5752 8835
9607 7017
1914 9122
5259 1425
5576 3873
1473 1629
2179 6207
9136 6166
2666 1247
9514 2478
9106 2897
4896 228
1449 2945
1692 2287
4299 2916
9967 9333
5072 2014
6184 8498
3872 266
7874 5855
5723 398
7460 9403
6605 4134
2504 9012
8506 1415
7489 8634
4411 3210
6 2899
6608 8220
6740 7354
3517 276
3801 9077
4979 5987
7772 9239
6996 6392
6577 7695
9896 4786
2409 9036
16 6106
2266 1462
2861 7060
449 34
3119 5180
5123 3583
6436 80
4731 2799
3709 388
5850 6923
2928 6499
248 6329
1492 4541
6068 5798
5507 2326
1235 5480
2224 8635
7548 2709
4466 2235
6553 5836
7029 8654
4614 9139
1381 4175
6827 4975
2425 1099
6000 8283
5653 7270
4099 7344
5123 4393
5545 1063
2077 4779
746 4450
7874 2461
1590 918
2074 1854
6302 3580
7670 7152
7018 4335
445 7883
7274 2875
9272 2314
7820 3488
6499 9397
6981 2656
5598 7150
8623 4493
8762 1086
9671 2587
4724 6552
8504 222
3869 4442
7611 6468
6844 6429
6556 2636
6699 7693
5433 1033
1521 6675
254 1276
7019 2053
1117 9940
3921 8964
1455 8488
6397 8466
8897 9525
4720 1347
9303 1676
6548 1523
9801 7052
7371 9153
3805 2263
7091 3449
2840 6104
4001 878
8836 7676
3165 6779
7313 4318
7331 7931
694 1821
9300 2187
4439 1947
3993 7617
5921 8561
5369 8768
7369 8276
3298 9193
8562 9714
364 2558
4307 6721
826 9008
2289 6840
1396 4216
9766 9436
1834 417
2723 6808
1439 6595
1469 917
3854 5232
3353 8500
1193 6345
3661 2463
679 3577
9943 1321
2631 9321
5680 1859
4788 9743
3818 5774
9825 2452
9877 7838
7675 6101
7208 531
6689 1894
1988 9337
4519 1528
2334 9049
4255 5445
7847 5192
5166 3419
251 8706
9087 2170
9675 9569
2385 2198
7810 8
9630 5557
7916 1634
339 4284
6128 8086
8073 902
2158 9440
2656 7640
2235 756
8147 6450
2448 8837
2424 285
324 1289
1246 385
1037 4603
4088 264
9140 2161
9761 2128
3137 6749
2308 5933
963 4965
2026 6591
5851 6872
8876 8334
7443 659
15 9969
2573 3824
5463 3919
684 7815
1673 1887
5166 2878
5850 5797
1815 7459
5053 8802
5529 4821
5199 390
5073 1702
4081 5669
4072 8796
2219 7283
7441 2862
1770 7230
1286 1200
2466 6568
9750 6460
994 341
1700 5592
8257 1437
8651 4202
3042 2813
8257 9055
958 1706
287 9865
1232 6889
3804 1312
1003 5465
4393 4811
9981 430
506 3690
3585 4672
719 984
7492 4050
2651 1129
4263 7000
4634 3588
3878 1554
8095 4296
1235 3215
6717 5454
5829 4208
5551 5873
4169 2037
6321 3406
5234 5949
1300 3610
3881 4551
5524 6531
5939 1287
2911 5469
8320 7575
5719 2918
448 1876
1302 9432
642 7038
8562 980
7494 625
9242 1543
9131 2756
8727 7856
7290 534
3039 3669
2898 4863
966 3075
2181 1397
8008 5324
5249 2982
4801 6315
8746 2695
185 7329
4640 9172
2066 3408
3207 9921
1805 5278
3864 8847
2543 9415
7993 8184
2982 2555
3974 8950
3064 5102
9243 3268
9271 2450
6583 5861
4140 1870
6972 9358
6160 5238
8229 4547
3061 4814
9145 2403
800 9080
308 5589
6128 9170
3712 9212
5620 116
3886 682
2900 1725
9027 5218
3237 5633
4976 7131
7353 9280
4893 7396
4086 6484
8546 4538
2760 3082
5020 7080
4955 9770
654 3037
8323 421
3315 8397
676 3386
5189 9236
5073 3150
2 8770
6377 1694
4467 1913
5126 2407
787 3056
7293 286
5622 9219
6746 5553
254 9867
5688 2043
702 1644
5387 3644
1020 6885
2409 40
3961 1753
6671 5920
5805 899
8099 3196
4599 1896
489 6875
6012 9399
8028 4745
3907 2585
712 3963
7566 3918
8796 9646
7781 6411
9247 7804
5179 4593
9236 671
8055 5001
8948 1633
3711 2661
6023 5220
8807 7893
1172 7490
5767 356
5585 703
4016 6463
8738 8772
9361 9147
8099 4579
9149 2616
1990 1917
6643 8792
2695 148
6358 8606
1091 3874
3522 3770
5754 2209
537 6819
8389 361
4896 3341
5604 2909
3919 7540
6823 6096
6933 7581
7230 7794
2140 5319
6 2910
1923 8472
6672 1518
4796 2286
1411 5149
5557 9655
8405 312
3267 3529
2027 588
3041 6558
9956 4385
735 14
2773 8173
5523 5769
4179 9741
2568 4860
6924 7426
2756 697
6392 6021
5285 2275
3955 2458
9681 4234
2030 1922
9209 2913
7055 7231
4256 5308
4114 2035
5814 3257
3339 7165
2817 9318
1010 5522
1546 6617
1258 5809
9543 2595
3889 4073
6870 4095
8293 125
7368 8112
8006 9138
4734 8094
2421 8377
344 8608
4541 855
3891 442
4182 8335
6111 1588
2196 8832
4373 2844
2124 5782
9603 4249
3151 522
6134 5332
659 6989
7930 3554
2795 3140
7105 6438
4338 1209
7318 2427
8626 7724
9861 2995
6408 5967
2534 5381
1936 4995
479 4161
2121 7221
3877 5944
6653 4935
9614 7254
2233 9732
8335 2968
6552 9163
1722 5034
7897 2707
6095 8270
2395 6942
9017 7941
1119 7314
9763 7028
6270 2279
812 2876
8434 7247
2341 9531
3964 4622
7769 2975
1935 470
5458 2683
8281 8707
6332 7576
1666 6894
5836 4767
5027 7989
1919 4225
6469 8150
1711 9046
7018 2096
5906 9966
3657 6195
9024 4381
566 1017
2171 7122
2933 2664
91 3300
6959 110
9894 4743
312 2064
9299 9911
7930 8185
8815 1500
2344 9779
4515 2614
7517 8245
665 6681
4510 6540
6969 4336
2641 4243
7700 7814
4084 5770
3207 6342
695 9584
7373 5064
6150 6602
101 8938
2217 4983
913 1043
3582 1052
8168 7238
4728 4270
4454 9067
4048 4098
3415 7175
3626 869
6607 7910
3659 9936
7920 1577
7653 6543
3220 6492
1373 2502
9174 7958
5053 355
6343 5476
1154 6057
2145 6286
1778 4809
7337 8719
8726 1653
474 1771
8618 8222
7952 3066
7062 9737
8569 547
2503 2434
1235 8418
6108 1256
958 629
1278 6271
7434 6158
1366 1185
6858 7082
883 2380
3163 6171
8769 7227
3207 3219
3402 3714
7513 5799
367 8022
2080 8578
9985 7882
1197 693
5803 1049
8431 4659
3207 3003
8309 7325
8065 7718
3944 6904
263 2831
8235 1065
4003 8145
5334 7563
9308 2958
783 3650
7092 6928
6780 4676
4634 4478
8881 9902
3777 4564
1360 9184
7180 304
230 9323
1726 193
8170 9154
8281 4780
5516 847
1170 5177
4102 5115
7896 7907
8193 3323
6872 6658
8636 5543
1702 6330
5349 1007
1534 6927
6025 6082
518 6814
5639 9873
7883 239
1144 835
5715 7201
5328 612
128 2934
6985 8272
9490 9166
737 806
3113 2404
9835 5274
8547 6097
2496 5221
6429 1183
1337 6943
4781 6847
6657 8415
5021 6277
5205 9661
9440 5821
1688 4141
5379 8450
2165 4652
263 6980
3427 1827
4249 8609
5853 2524
2299 2367
7507 7041
4114 7317
7259 3844
9259 4954
9802 4220
6510 4589
6191 8923
7147 7633
756 889
3898 8155
1989 6170
9952 3183
6309 7169
8748 5929
913 9148
6643 8366
9172 3174
3857 2925
3698 7174
6389 4858
534 4397
273 1375
4510 2229
6600 7148
1425 8695
3293 6027
5558 1429
969 9657
3398 3819
1527 5186
7591 8514
7053 225
7397 1595
9958 538
1033 6014
6595 6572
7680 8679
1606 3008
4978 3704
3338 2177
6963 3223
8094 2473
2284 4010
9513 8797
326 4994
7952 8474
3100 3424
1139 1526
9017 8520
917 5942
6389 3662
1845 7236
1778 4753
1195 7385
2661 2650
3651 9033
7152 4432
2199 3755
1570 3363
4257 9477
3775 9833
2155 9260
3433 1452
9673 2134
3018 433
300 5225
9477 453
5785 5937
8694 9781
9295 3438
8498 3159
2605 4402
9516 7467
121 5517
4514 7592
4789 6673
9208 9953
4694 7470
247 6857
536 2093
2355 3387
3790 6261
2689 6794
6572 5701
8317 5153
6571 8887
5430 7879
9608 4934
7120 2059
7227 4079
3318 3351
4447 3249
7748 8683
6657 5282
3119 5879
5454 6831
7644 5425
3614 3829
3648 4963
8565 7573
1301 5954
8334 7630
6953 6796
6938 2967
6174 399
1021 2291
8970 533
8836 8660
2827 6263
835 2111
5937 6674
9214 594
7153 3273
2842 7898
9871 7813
5667 2377
6527 1242
1040 5970
9093 3743
1666 2804
3804 5377
1068 8059
5672 1679
814 4009
2892 9854
4827 1064
3925 4022
6318 7842
7968 7864
427 7321
4432 515
4265 5140
6399 62
4950 6661
1801 3126
9848 6873
5909 6010
7226 9213
2020 4129
303 37
4365 493
71 8771
9982 9860
9477 3028
1624 2864
8096 3978
6376 8625
3465 6504
5657 2721
8292 5666
6373 325
3941 38
7974 8198
7226 5283
8850 9984
7176 1508
950 6326
6617 595
3547 7051
6879 1890
7329 5212
3808 6246
336 1240
6191 7348
1342 2763
6647 3888
1676 4861
5921 7417
6616 9726
1387 1109
4326 8717
8147 8584
2615 8030
6600 8004
2723 4379
541 6344
8393 3358
341 5067
6648 3176
6738 35
6074 301
6981 2236
7393 3484
4216 6164
2470 170
9885 653
9052 7074
9578 3568
7220 1351
9361 2893
6356 2802
4550 7854
1882 5577
5080 2324
9572 4576
7622 5326
5749 4138
8065 9518
7753 8693
907 3222
4210 7297
6591 2788
2910 6291
4768 3763
6050 6733
4125 171
983 452
1723 379
5107 7599
4355 3006
3403 7821
6371 3360
9445 3258
6525 1093
1746 9085
3513 1557
3140 3897
2367 1377
9300 2823
9833 5692
6544 7303
4621 2531
5834 5342
4651 2301
6399 8177
9615 5037
3078 6619
5702 211
5866 4275
2249 7971
6596 353
1676 370
3560 6038
615 6971
3372 508
6447 4667
8346 3753
7683 4283
924 6276
4309 1238
4496 163
646 9742
6063 1889
9239 1737
9325 6224
6075 4871
4817 480
3848 8195
8760 8944
8770 2316
6175 2375
1963 7043
1570 4331
7029 197
9710 5663
8713 44
7652 1616
3409 1230
1469 6029
719 8678
7473 3954
6100 9944
2522 7069
7281 3385
1514 467
8024 6249
2455 1267
4430 7453
3858 687
3130 6520
7000 4046
3215 5982
9272 5533
4929 267
5671 521
2789 967
3447 5911
5633 6378
8250 7837
7650 3903
9194 7975
1236 2040
3473 3375
8305 1104
1923 9538
7460 7010
7326 3212
3181 4080
9920 6690
7934 6070
4388 633
1233 722
2976 6704
2733 2803
9888 4982
958 7777
3003 1627
526 3846
5039 5394
9932 1466
3303 2964
223 4649
6694 6878
8810 661
5764 5448
5571 1614
6427 2152
2233 3981
7144 8395
7815 7782
5835 2492
4262 1625
2408 2472
9820 6350
6872 1893
9020 844
4887 2278
3437 7130
3229 2438
7541 6107
8116 738
2201 2750
6467 7558
837 630
2009 9081
7790 3087
6038 4339
3972 5168
206 2830
7346 2691
8799 3599
3366 1717
1745 9195
6498 1869
9259 7308
5864 3411
6544 6282
8203 4347
8098 875
5104 583
3820 7262
3606 6125
2332 7032
707 5015
3199 6015
3217 8692
6782 6944
3409 6154
5861 7759
8081 9683
5843 8542
5582 2365
2103 3643
438 6407
4945 6519
5999 5846
6460 1319
9997 3569
4348 3489
1709 7375
6077 3470
8502 9461
6872 1164
8983 7716
2443 203
5002 4880
4086 1131
7941 8800
8058 571
5159 30
6490 2349
4466 4158
1437 2011
4632 8333
8103 8062
5146 9859
9417 598
6559 1450
2971 1325
5936 1252
234 7956
9108 4036
4358 5828
7301 7786
9700 6136
3670 4849
8037 4252
1636 4778
5385 1983
3219 391
5036 1755
1433 5737
1027 1113
7781 5138
9659 7728
2483 9037
6451 7798
273 4575
2167 8349
7051 4798
4476 7172
2844 155
6245 6080
6513 2122
8224 7388
5642 2684
2361 4133
6694 5509
9356 9290
4322 5443
1473 3347
1821 2033
6959 7889
3372 2843
9782 5406
7369 3221
6455 4732
4378 634
8234 26
8837 6230
5544 314
638 5975
6340 1763
636 4449
81 7328
9315 5012
4024 2538
8935 4857
3351 7392
7048 6217
1569 8711
3911 6910
9773 6590
7988 5248
7813 7978
8496 3724
5121 3368
2138 8682
6948 4004
2468 9117
9774 7544
7912 587
6412 6611
6200 6514
2712 8101
8521 5142
1288 257
1785 670
6690 9749
1416 9536
6055 1281
5792 7890
7738 8640
2333 4819
4225 3736
1901 4298
7441 7610
1360 6305
3772 903
5645 2298
6519 9624
4397 5288
8640 8926
3292 1490
6575 3696
5574 1025
2084 9717
149 4228
6757 2948
8572 3476
835 4319
5115 2835
9820 4212
9785 3275
72 8813
132 9604
331 5374
7442 1683
5630 2071
9117 3660
3804 2693
4844 5207
5110 5960
3479 6148
3995 7197
3157 7419
6487 8159
4731 333
4998 6668
1746 2629
9582 3345
6827 6739
5578 3378
5230 9632
5526 1451
1734 9463
3540 8144
8031 1395
331 9906
7493 1886
7023 9258
3101 2819
668 3999
4824 4587
5589 7891
2537 2432
8628 9327
5326 3486
3703 1244
7017 6850
4351 434
6419 6530
7917 8000
1130 8534
5576 827
4935 1839
1603 2511
8393 7306
8908 5540
9356 9927
360 9245
944 3689
12 3548
3875 3892
4727 432
8749 6897
7441 9555
4954 8026
7435 8776
1849 8857
5495 7877
2349 6430
6690 4908
4598 3311
9683 5242
4115 6159
6148 5169
2182 4223
5663 5779
3476 2451
8568 8844
9191 9151
698 8543
7079 7913
888 7773
3998 86
7425 6283
5111 2556
5205 8053
4195 3581
1150 8125
3670 1024
3772 2168
8826 6637
1279 4315
3828 5198
2510 8113
979 107
5477 1866
6155 4068
4954 5677
5909 6293
7619 2904
1007 8742
2281 8133
3147 2730
7711 2088
6113 4434
9582 5360
9000 6615
521 3884
370 2638
2322 1070
2598 7859
3922 3335
7567 841
2357 4329
1093 893
1092 4409
441 2657
8823 3111
4116 3187
4615 4481
6502 6956
816 8517
9832 1661
2372 5030
5406 5745
6018 6727
7019 5554
1829 584
2891 6922
684 8152
3580 1853
4353 8357
4467 5391
7570 7357
742 5455
650 562
6174 4406
4659 5215
7988 6009
4374 9297
5432 6135
7928 5211
3125 8921
8770 4201
8119 3343
29 2965
2653 2890
4347 8167
4008 6139
2921 4648
343 2552
12 3591
251 947
1491 6851
1376 9472
799 4559
8325 9803
1990 166
4108 2652
1144 8558
8613 4422
9894 4474
6843 4561
6605 4822
6167 4608
7928 404
428 6201
2301 5089
1998 9075
7350 2441
4981 2019
2006 870
3078 3512
57 767
354 2951
7492 481
8128 6813
6519 8232
3803 7267
691 4187
3373 252
2511 5684
9763 1098
884 9879
9401 7036
6825 3715
368 3537
7489 2873
100 154
8173 8169
6854 94
6752 9595
1974 9863
1972 4301
3195 8614
6112 9515
5728 2782
1922 5386
4119 4693
6126 7127
107 8922
9058 1157
9358 2237
4616 8347
6475 2411
36 4698
3735 7881
5692 4238
8087 8018
5188 3190
5326 1690
4711 1929
637 8641
7464 1979
1471 7960
3626 5772
9968 9107
1681 5350
7040 7229
1501 4987
9553 8299
2025 2924
6795 2574
5312 1938
8988 3110
7327 931
9067 6423
4350 5638
416 6449
2880 1892
565 6486
6127 2157
5832 3556
8336 7527
6331 2045
4482 8163
5975 6667
7846 1422
7382 4128
4765 7681
1664 4527
9782 9706
6605 3945
7854 4446
7635 2845
2875 4185
2771 8537
3346 5697
3475 7039
4863 5880
282 561
9920 7942
4998 9811
2661 7737
8667 5497
374 802
3036 8369
7467 43
7251 9146
4769 5858
7649 8327
9318 8954
5144 1659
3333 5375
7975 1014
189 5747
9700 5594
1052 8981
5273 77
6096 4400
344 1140
980 1620
3584 1299
9357 9757
4729 5893
911 7135
1906 7134
7732 4200
1836 3253
544 1445
3478 6054
4924 6229
1984 3982
3921 3887
7341 9365
9285 9393
7823 8307
214 4043
7766 108
1192 1715
1730 5732
3994 4483
2887 8084
2805 5895
2669 9778
6245 3405
5302 3968
9829 2711
1160 5217
8060 1155
7126 5961
1870 5515
9119 5709
2534 2800
8307 4139
7253 3204
1803 486
6738 1391
9556 8137
6379 843
2251 6628
2259 3673
1051 6852
4881 4568
7492 5562
7960 6836
8401 3132
4101 8107
7434 8303
899 4782
9514 3607
8332 9834
8552 4685
815 6183
9225 3420
2942 8577
590 1114
6513 2256
8686 6736
1310 9699
4668 7477
8051 4650
4489 2858
3296 323
7102 7389
8828 6091
3437 5048
4343 8381
430 2882
5232 5951
1916 1630
9204 3536
3819 8102
2018 1483
201 180
3574 7444
9943 369
60 8341
6313 5978
9582 8462
5983 1558
3214 447
8933 143
4437 6093
9917 420
7511 2622
3819 3302
4540 465
1368 4758
824 3544
227 8315
1263 4949
9184 7249
7850 1243
4348 8936
4896 9004
4328 4663
1081 9092
6450 8215
6894 9341
8240 7840
7943 1585
4775 2068
8024 2098
8302 2930
551 4545
7604 2905
1248 790
8771 8239
6122 8559
5356 1999
6668 5447
3826 1382
6662 6719
2448 4226
9730 9520
2640 7853
5535 9754
7299 996
8132 9807
7115 6280
2276 2987
2643 5997
7839 8238
1528 3514
6332 9842
147 2207
3182 5304
6107 2670
1106 8064
8820 8708
4287 7171
241 8648
2779 7512
2987 9186
7723 2839
8428 6292
7839 4325
4924 9495
993 192
7471 9143
135 5262
6449 2623
2362 9892
640 8860
5597 4451
1663 9360
9957 8039
9799 4879
1018 8586
1366 5213
2064 8033
6305 9469
8001 6141
3601 7438
148 8201
8136 8581
5142 4120
9032 6582
2592 5482
716 9413
2612 2581
2348 568
6090 7205
6670 2600
4544 6253
5633 1261
8521 3469
808 5164
2143 5619
8828 2955
9299 9248
2446 591
1051 8162
5703 1900
5231 669
524 9568
2041 2141
5802 4198
5490 6833
8870 9113
2641 9068
6437 1318
862 2630
2399 7549
1407 4684
5319 2979
8338 4464
9675 4688
3439 5366
2516 7495
8451 3565
4239 9977
2874 3076
4063 734
3165 9125
4831 780
4789 7690
4128 1857
3852 5901
6786 9226
7024 4773
2381 490
3854 5549
1687 8589
6186 9755
6669 7983
8270 4078
1195 3002
7093 5112
5554 6223
3008 7834
2734 2852
7147 7260
7566 9647
3870 4421
3311 9994
6127 7602
4364 6957
2329 2447
5819 774
9184 5753
8933 8312
7827 1178
4066 1956
4713 7545
2925 437
9665 658
8799 8458
2555 7072
5357 7179
1107 5000
6452 6169
5521 8951
3717 7556
2187 5831
3215 8080
4359 4184
3144 7845
6608 5150
4290 3566
3039 8958
2157 8180
9157 8423
5148 1215
8793 3348
2013 7454
7127 8866
8525 3531
5834 2499
5737 803
7375 4497
9411 5097
8631 2058
152 3543
1654 1056
3884 9083
4187 2824
7181 9339
4078 4751
7115 2186
9097 8221
6676 7433
1237 1617
5802 2151
6379 4658
8812 7977
2562 4213
9798 1254
9564 8883
1290 6958
9522 5125
8736 2977
6816 6115
6227 2240
5074 8383
5214 834
417 6234
6731 6031
4181 9028
7511 7391
931 3320
5425 2215
1425 9678
9074 2949
9823 1976
8826 6062
3682 5600
7192 1891
2983 2374
3252 7307
3685 1819
8136 1218
6157 4031
8830 3616
4525 577
940 4020
7594 9090
7289 7243
3205 112
2775 7166
6035 2085
1097 4132
6185 4573
2148 6288
5350 5990
2963 3594
7293 2023
2519 8838
2354 3951
8954 8066
6479 7704
7274 1600
2527 1465
6948 4855
633 7338
7413 1308
1422 464
6207 8286
1480 1292
848 5017
1887 4506
2969 8194
333 9406
2401 1227
5272 4505
5713 1903
6765 7256
7702 3143
1598 6386
7906 3839
4003 3811
9703 5780
6494 8134
9936 2188
8229 1163
152 7141
8847 9640
2936 3934
2275 2339
5064 3558
655 7822
5573 4057
2532 318
1492 1352
4994 9929
2532 9047
8795 1207
2000 9904
7800 200
2883 3073
7558 5595
7386 306
4108 1054
4949 8715
5996 575
1056 2550
2982 5499
6228 4610
737 9328
3655 1788
3474 569
1013 2806
9366 1474
4957 2174
3058 2521
4820 2729
9418 5991
5095 7275
8488 6098
4975 8273
2779 9312
1082 7659
503 4107
5920 5176
3205 1309
3781 1191
1876 5240
9574 8126
2803 5485
8650 1669
7988 8175
928 6868
3763 1686
6610 3502
5231 4382
2239 9334
7507 3197
4888 4874
7767 8916
7189 7694
2066 1463
1529 4674
6542 1431
89 8737
5107 6168
5753 5228
7728 47
5301 7708
8275 7955
9444 8432
5348 5320
5024 5289
6269 18
1613 4061
6998 9933
8697 3158
2435 5689
5424 246
9620 9949
2051 8611
2507 9979
8267 5817
7510 3621
2942 2325
2637 1430
8356 9504
4690 1544
8412 5486
1664 4542
2603 5376
3536 7402
4994 2700
1818 8499
8640 6188
6945 3241
3921 8453
5514 7263
4087 8179
7055 620
7246 3785
7465 2038
3441 2371
1200 172
1365 5470
6734 8364
3359 6341
9065 3185
5255 7067
9682 4716
3322 5247
3100 6105
8690 8779
9497 5498
6434 4096
6873 1877
791 5928
1411 6072
4167 6153
7653 8076
8961 2937
2225 6864
5653 2307
1601 9454
9807 1134
8899 8919
5813 5044
6401 6045
6688 4572
1024 7242
9503 2220
5278 9
7550 6554
5800 976
1942 210
5611 3367
3283 2376
7713 2703
734 7929
694 2036
3302 5922
2528 9746
7144 3084
8779 7992
7957 104
5113 8015
7099 5707
2769 7843
4998 4206
9290 9284
3340 6848
2912 3460
3678 6807
705 3364
6230 5481
1225 5070
5252 5416
6273 7793
1041 4889
3033 6119
7260 1741
4595 8226
3014 9443
6409 4245
7109 2659
8269 7356
4251 5420
5125 1383
7289 6768
5300 8176
6473 8946
6447 7922
3426 1219
7444 5050
1108 3328
2651 2765
1319 4856
3844 6410
793 2031
9604 1779
6980 3516
8996 4524
7584 7970
2781 2770
2796 7938
4186 7678
5280 1205
8410 9293
5709 190
7331 6650
2468 6664
638 7485
6584 6604
1040 21
9805 8818
2795 2294
251 1604
6590 7233
1921 2410
3050 8840
8585 7990
8173 4918
395 5617
6950 235
7264 1201
3704 6906
7549 1739
4236 4089
67 3905
1871 7496
3638 352
8572 279
8868 6573
2454 1291
2854 2564
4435 8639
2625 1581
4953 4535
7206 3631
5519 9605
8809 1036
6318 4553
8832 8662
7670 840
8860 2497
9065 2576
9036 9880
6481 885
980 9240
8577 7481
292 4215
4243 9541
4449 4707
5142 8705
5818 7705
7894 7100
8165 3985
9204 4222
3660 1275
5346 3135
1106 1897
8334 3472
5559 9177
2551 7926
8812 236
8481 8020
588 5989
2046 1948
321 4471
5416 9072
6926 1908
9322 729
7383 3020
5842 7063
6180 5415
8262 261
514 3312
1211 3361
8633 8516
649 9697
569 3733
3871 5494
1548 2791
6973 7598
8116 5681
724 4440
2992 63
4791 1796
4854 639
5104 7792
6012 3936
4564 3949
1897 3745
7825 2099
7933 2879
6302 8718
1076 4495
6686 6905
3819 971
5848 8757
8957 7003
4164 4826
795 1222
2830 3240
615 4689
6426 48
3181 2169
2490 3593
4814 9625
8347 3953
3143 914
1990 6121
9958 9810
1607 8344
4854 1729
5628 4812
1583 2083
5113 8991
3167 7849
9875 9320
4286 4970
7083 2752
5516 1981
9690 5010
9973 7593
392 5959
4200 8676
2130 5722
7397 9901
9685 6130
2903 8459
1021 4673
248 1035
9251 8228
2298 319
1204 1994
7577 3337
5315 8207
3530 5729
8698 4407
6667 4123
2155 9502
6294 5293
5447 5902
643 7167
3922 2713
1351 6951
8416 606
9122 4916
8986 5995
2487 8243
2293 9959
2635 5141
9137 6006
7350 6320
9149 2753
5664 6044
6942 3428
1013 7252
1722 6116
7539 5980
1152 1102
1794 3579
4157 9035
4564 5773
1549 3741
7069 6250
100 8924
112 4960
4968 6213
8983 9109
2688 8213
8030 3202
8258 3445
9440 8945
517 97
7374 415
3131 1813
3709 4475
5481 4940
3177 762
2794 3093
1165 4499
6454 3242
9935 9960
2749 3746
6034 5484
9954 9926
7727 7437
2485 7011
8801 3384
3491 6934
9804 5311
335 9836
550 3630
4785 6838
2463 463
9764 871
6865 162
9209 6735
6339 3850
3936 6512
7297 9264
4037 7895
119 5641
648 179
9696 1650
539 3681
8412 927
5186 2206
7468 1262
3131 8457
6138 3109
6933 1571
6370 7749
7171 851
2708 6295
4105 809
9110 7376
5275 1317
3430 2515
2040 219
3036 4122
4080 8467
7957 1872
8218 3572
2276 7014
6204 2850
4928 7008
7375 4113
1339 7461
1576 5941
1286 1672
8171 2086
6728 7061
4403 2761
1397 7870
9682 9438
9641 772
2278 660
8662 9091
5909 9686
7238 1499
8157 3052
1044 5258
793 126
4860 3452
1974 5777
3409 6753
2064 4643
8911 7183
384 4027
6515 2437
3232 1328
8430 2234
52 9015
3108 6551
1942 3683
3880 574
5629 1842
3319 281
8593 6161
9413 8874
8525 8904
8302 4196
7441 7614
469 9539
5654 6206
1380 1111
1867 3509
4991 677
8616 6818
7540 5201
9737 109
4481 9596
6050 9478
9096 3289
8374 8803
1834 347
5756 3485
8033 2962
1309 6622
8953 2546
4184 3399
2296 4757
5277 8544
8275 5
436 5467
5775 1208
1614 9207
4796 2943
8391 4294
9771 2710
6399 2002
5796 9362
2500 7982
3543 7257
5887 6783
9695 5245
8190 4273
1036 8301
3013 9509
7411 7212
2927 5708
4741 8898
8262 70
4733 1618
4416 202
5712 6581
2193 2694
2372 1662
3726 9559
9658 2589
3892 3980
2051 8995
927 9286
3602 8074
5567 5175
7041 3244
6873 6901
6862 7228
4058 1652
2800 4914
5815 4709
7339 4726
2508 3294
9804 3450
1909 288
7306 8476
7523 5721
801 7049
7568 3301
6860 1311
7916 6405
1543 4799
9043 9094
3488 4922
1111 8917
9764 8856
9835 7012
1465 794
1004 7672
8374 1255
812 3281
824 5892
6059 4517
6348 6745
800 1860
1094 7939
9347 2277
8428 2674
6462 429
1779 6913
7019 2302
5947 1939
8151 1707
7587 260
7931 7719
7863 6635
2607 5862
3771 5093
9773 1316
7174 8495
9610 2190
3834 2154
8141 5867
7977 904
1215 7902
2694 8811
2388 1850
1067 6435
7686 7502
4349 2444
3462 6724
5180 6522
9041 4699
3995 6566
1181 5135
9889 383
2323 5398
465 5347
2000 1022
3737 1918
1876 5869
2552 7491
1075 4199
7853 5054
7257 8932
3447 3276
9060 5977
1502 7358
6487 3551
7229 9156
4497 3274
4216 1925
8850 4232
2300 7045
5263 9048
8459 2104
5180 173
8113 9402
3714 376
9060 1612
660 7735
9761 785
1832 2016
8545 5504
2378 1795
4253 9786
5022 8805
9219 4111
4461 9474
9061 3508
7692 7709
9835 1434
1148 8554
1427 1539
8661 9071
2496 2192
6973 9722
1225 6810
6175 4705
329 2238
678 5547
7304 365
7257 2853
9963 2738
2718 5718
3539 258
788 2370
2507 933
8403 2272
8046 9549
8947 9591
1551 2834
2322 8984
3503 194
2131 6687
363 7674
5858 243
347 5904
6886 6388
1523 8653
9153 4936
6719 6775
6204 2337
988 6966
9234 1789
5814 2851
6792 7476
5677 8088
2428 1846
7939 8483
7049 9380
5201 3394
5082 1074
9015 3186
9475 941
6129 5372
2974 7966
8254 113
6643 1313
1710 9433
8379 1135
6169 7976
7733 6133
9411 1879
8084 1865
439 1348
8371 1851
533 2226
8891 1530
2697 9611
4416 6893
4513 7962
6628 5556
6931 9481
5382 9487
1175 3679
5940 1559
4420 8989
2240 8703
675 8444
3450 7979
5434 6760
9922 55
8273 5686
6038 231
994 270
1452 4611
1687 8528
9246 2205
3156 3314
6227 3849
7827 177
2724 6665
8457 5333
3258 560
5334 9635
9661 9814
8396 2214
3733 5316
6355 3546
1582 4596
9950 7403
2919 8469
4101 2406
8589 8470
7063 1023
1992 4959
3039 3091
2299 1533
8519 2467
6605 5973
5159 2816
9631 2078
5863 4852
5678 1591
4900 6663
8976 6459
6776 1811
7895 5203
1867 2931
9732 6636
46 8509
2585 9223
3865 7021
7121 5503
765 8337
9496 454
4046 6788
8799 7609
7147 7905
3184 5059
1632 2692
5368 8929
5875 7964
9886 7436
2648 5888
5317 9485
4543 2989
8736 7107
615 8710
5493 876
6256 1610
6793 1713
5172 5399
7322 8387
4447 9777
6900 1945
3009 4019
7361 5157
405 6682
6061 3687
2765 9613
8656 3490
6858 1363
9312 2667
8484 8709
8345 1203
3440 6917
9777 2204
9778 5400
3207 8972
6606 7085
7995 5239
6585 3515
8328 8473
4789 4923
9966 212
6037 1239
683 2578
8596 5971
8600 7475
9916 5460
775 3201
6274 1910
493 3917
2301 4834
3812 5085
7615 5246
7984 782
5797 294
7182 3649
2799 2776
1598 7412
3941 4763
4204 603
2574 5735
2273 6967
431 5787
7567 7937
2002 5101
6822 599
4990 5910
6939 8607
49 751
1718 4722
5333 7689
5191 2783
6291 3243
6773 3742
71 7106
725 3206
7249 6008
1253 1973
8886 8360
2233 6812
6608 8665
5626 4485
7420 9552
7559 2021
3041 7996
9510 8110
6755 8880
2793 2593
2415 2097
6039 7788
2810 4797
805 7789
9053 2282
378 5613
2771 2442
5128 6482
9720 9844
8091 1597
9206 1326
8513 7959
4703 1885
8308 4360
3122 5661
7704 435
1288 7725
6322 5546
8965 4829
1700 9192
3080 3285
5087 4280
3325 7250
4396 7056
4889 6476
7377 1837
54 3117
1514 5807
9249 6417
495 1482
8245 7787
8026 4289
4620 5905
6467 9180
9640 5743
7036 5784
5170 5755
6423 1223
4196 5548
393 2267
752 9708
4339 6954
5367 2677
328 1824
1904 6623
8183 484
4148 5590
952 8527
2613 2633
7440 915
1470 2313
9091 6216
7735 7796
7574 5791
1720 4310
5042 1030
8328 5404
3472 1997
4039 8013
1680 2489
8688 5561
8514 8601
4552 8539
6770 472
9265 3787
9002 4882
6532 585
4727 3845
3731 1487
2798 8588
7242 9585
5977 316
4591 674
2703 2540
4964 6220
8308 8089
3433 7841
4605 5025
6236 6569
9264 6404
8458 3096
1292 6509
4777 2244
1427 7117
3814 718
879 164
9837 2994
1003 3250
7446 6422
9584 9409
6346 3929
1700 5427
9513 5151
6302 3990
9510 9883
3928 9939
62 3722
4314 1970
9023 4241
1681 3213
3119 8252
2746 7380
4713 2350
1769 2560
5796 4680
1602 1507
9502 1833
8113 1749
3053 2241
3734 366
4201 4477
3464 5965
8737 6110
7964 9590
3346 4436
3582 7457
9181 19
7536 3564
1515 9316
3576 1293
2888 4565
145 9937
9094 5530
6211 5197
2809 558
3145 8225
1286 6004
8121 797
3069 3697
8667 6849
4659 1149
7438 5993
2153 2991
7893 1126
5634 1008
8063 3218
6655 9261
8836 1747
2754 7261
2417 6262
1457 4237
6032 4870
4240 1806
3428 8647
8936 3658
3311 1143
6731 8135
9496 5202
3333 8994
1897 9376
3780 5748
2535 9364
6929 9670
2942 7295
8635 9189
1410 9756
8590 4800
4383 9150
3626 9644
9032 7696
5125 4124
4064 275
1468 5251
6844 9769
1643 1838
988 146
1676 5943
4802 3256
1744 7500
9656 99
3599 4714
4221 5575
339 1458
4148 905
2878 755
8205 8448
2783 2123
7487 8753
600 9451
7605 9628
8095 9705
9672 8446
8610 409
8941 9913
8284 2732
3080 269
1321 342
3690 7094
3515 5267
9953 9623
8186 2676
6276 4337
94 8429
9503 5981
2468 4059
4834 8575
6816 1980
5155 3526
9613 8535
9389 2146
7485 1403
1246 4032
3767 5046
2716 2986
2891 8775
4247 1975
1248 8993
6340 2471
6918 9045
6389 1214
7177 9450
6440 9791
1089 5934
9957 340
5532 9800
1629 5623
2645 4984
7450 689
2270 4627
7890 1128
9738 1393
1151 6683
5073 471
4733 9853
6075 4203
5388 723
4944 229
6761 9831
7412 2315
9638 4702
2467 7088
3723 8409
1295 5241
4320 3261
4388 3973
5244 6503
4810 2907
3212 7980
1341 2998
5281 9250
1814 5264
417 142
2899 9991
6425 483
7931 5339
8930 9307
8476 1167
6360 4034
359 9291
5445 137
4865 822
6266 1513
9993 2649
395 9744
8660 9813
715 4354
6062 8400
3017 5510
5958 2908
2354 3885
7985 9458
1784 3992
9231 4602
2376 8732
7885 504
718 5979
9237 3664
2140 3636
7653 2871
9361 3666
8941 9256
7850 4937
5406 4127
5073 829
710 9311
3156 1448
5378 156
4473 3208
6 3357
3339 7936
5500 5437
609 1050
5694 1674
9938 8288
2582 1479
8143 4445
9556 1578
8817 4656
648 6040
6373 8910
4032 9279
2342 852
13 3619
5036 8617
75 5204
6223 6856
2882 3235
4961 9995
4607 4361
6679 7925
4656 9535
2894 8566
8471 5612
5245 2797
6245 784
8584 6231
6459 8082
5092 2194
7578 7762
3678 2418
4111 6385
8842 7139
4519 9567
5125 7218
8415 6830
7281 6811
5945 8399
3361 2644
5053 5361
1526 5298
6131 5401
5345 758
1255 5632
621 6751
886 5489
3722 5193
2564 2590
1473 5294
6122 549
2966 5781
4636 2405
6634 6842
4300 56
7945 9377
6619 4697
7862 8583
245 8463
3511 5759
9443 5794
9448 701
6489 2828
9720 9164
1619 382
7799 2836
3877 8814
9077 4268
4292 1522
9209 3178
9003 7232
6381 4681
8791 9663
1029 8644
5866 5253
2327 502
6248 4233
3994 255
7107 4715
7064 6797
5710 2953
3824 3686
3857 7887
5101 3005
2259 2203
8891 9301
6558 968
6366 8934
9308 2846
3378 7833
289 2985
8058 6618
6700 362
750 9990
8116 394
6275 6099
4258 1356
3778 5693
2853 7026
99 6829
7562 3494
8686 8582
8563 9425
9012 9221
9985 4457
912 5043
1147 5771
9381 7427
4689 7291
22 1059
2584 8906
1290 9945
9995 1511
6543 8580
2823 2065
539 3247
796 6495
714 3112
8929 5985
6676 6214
9502 7508
8952 2972
5603 6257
7294 4244
956 8672
5568 4683
770 9069
611 4509
5898 2213
4034 8438
5958 7395
164 4254
4159 4142
4184 4399
6172 3463
7721 7020
9127 7744
2608 4725
9463 8515
